0 3794
0 5358
1 436
1 639
1 3105
1 5152
2 122
2 745
2 797
2 1791
2 3945
3 1397
3 4096
4 930
4 3147
4 3408
5 1628
5 3789
6 2520
6 3567
7 1917
7 5426
8 1516
9 23
9 250
9 2289
9 2570
9 4360
10 2301
10 2670
11 1447
11 2912
11 4208
11 4724
11 4742
12 5322
13 3192
14 215
14 1010
14 2821
15 213
15 3362
16 5304
17 305
18 45
18 3606
19 1295
20 1234
20 3255
21 2424
22 3585
22 5193
23 2818
23 4222
23 5035
24 3510
24 4085
25 4644
25 5495
26 1057
26 3184
26 3427
26 4688
27 1573
27 1880
27 1900
27 1962
27 3858
27 4605
28 74
28 4582
29 1548
29 2204
29 5226
30 1375
30 3948
30 5075
31 2692
31 3706
31 4187
32 4062
33 129
33 615
33 2710
33 3374
33 4892
34 639
34 1330
34 4691
35 2491
35 3159
35 3244
35 5149
36 3035
37 2759
37 5019
38 1414
38 4975
38 5161
39 2053
39 2474
40 1641
41 2212
42 3982
43 341
43 4326
43 5067
44 1038
44 2261
44 2448
44 3066
44 4310
45 278
45 1352
46 2841
46 4036
47 1728
48 2238
48 3004
49 3964
49 5264
50 3869
51 1656
51 2589
52 4114
53 3225
53 4189
53 4536
54 658
55 613
55 1802
55 4392
56 1414
56 3443
57 3169
57 4176
57 4205
57 5153
58 102
58 997
58 1658
58 1663
58 4437
59 991
59 1029
59 1549
59 1915
59 2525
59 4771
60 1101
61 1155
61 1869
61 1923
62 1279
62 2733
63 3155
63 4434
64 2169
65 3726
66 157
66 245
67 1817
67 2302
67 3315
67 3452
67 3953
67 5293
68 91
68 1765
68 3093
69 442
69 1626
69 2406
69 3529
69 4707
70 1828
70 2477
71 2333
72 5084
73 95
73 1991
73 4801
73 5036
74 5371
74 5476
74 5477
75 842
75 3429
75 4322
75 4551
75 4720
76 4012
76 4647
77 1028
77 2625
77 2630
78 4262
79 1733
79 3292
79 3306
80 4297
81 1892
81 4577
82 3705
82 4985
83 867
83 4846
84 2333
84 3560
84 3844
85 4623
86 2373
86 4269
87 1758
87 4884
88 4199
88 4225
88 5496
89 1032
89 2815
89 3749
90 873
90 1424
90 2827
90 4175
91 2684
91 4882
92 696
92 2499
92 5257
93 1258
94 919
94 1134
94 4631
94 5006
95 3155
96 3400
97 469
97 3894
98 2635
98 4174
99 1091
99 4360
100 1993
100 4868
101 3861
101 4352
101 4666
102 459
102 2590
103 440
103 503
104 147
104 2062
105 641
105 3038
106 676
106 2793
106 5001
107 145
107 2228
107 3996
107 5393
108 1200
108 4054
109 4856
110 843
110 4964
111 199
111 823
112 1574
112 3117
112 3634
112 4861
112 4887
113 3565
113 3634
113 4675
114 3667
115 1041
115 2846
115 4815
115 4922
116 1958
116 3639
117 1423
117 2041
117 4868
118 2060
119 1653
119 3557
119 3810
120 902
121 931
122 2731
122 4550
123 486
123 772
123 1102
123 3021
123 4189
124 990
124 2057
124 5407
125 816
125 2272
125 5471
126 5168
127 5039
128 202
128 326
128 3745
128 4012
129 1793
129 2899
130 669
131 1001
131 1262
131 1963
131 2369
131 3328
131 3983
132 2417
132 4188
132 5084
133 1396
133 2906
133 4246
133 4247
133 4742
134 1285
134 2822
134 3937
135 698
135 785
135 1742
135 2234
135 2553
136 588
136 1135
137 994
138 4182
138 5195
139 1990
140 623
141 697
141 1587
141 4366
142 771
142 2224
142 4762
143 250
144 2773
144 4827
145 3828
146 4154
147 2916
147 3866
147 4883
148 1049
148 1762
148 2799
148 2806
148 4141
148 4716
149 2618
149 3221
150 298
150 799
150 869
150 3413
151 2132
152 274
152 4311
153 216
153 341
153 354
154 245
154 3271
155 1653
155 2761
155 4020
156 2579
157 2163
158 4190
159 751
159 1418
159 5226
160 3840
160 4463
161 1046
161 2840
161 4090
162 1721
163 474
163 4704
164 3879
165 3514
165 3548
165 5131
166 2174
167 3570
167 4394
167 4686
168 554
168 2096
169 4161
169 5359
170 2679
171 1024
171 2266
171 3236
171 5183
172 2664
172 2932
173 1981
174 470
174 4736
175 4417
176 1352
176 3945
177 4433
178 627
178 2251
178 2562
178 5379
179 2496
179 5353
180 3325
180 4281
181 650
181 2986
181 4386
182 1224
182 3911
182 5361
183 1623
183 2036
183 5218
183 5420
184 2207
184 2558
184 3287
184 5108
185 1500
185 2490
185 3145
185 3583
185 3965
186 2121
186 2631
186 4776
187 4921
187 5372
188 426
188 2370
189 1187
189 2748
190 831
190 900
190 1144
190 4796
191 786
191 2924
191 4301
192 1405
192 1796
192 3098
192 3911
192 4811
193 636
193 2116
193 2338
194 233
194 4725
195 847
195 2970
196 1466
196 5031
196 5210
197 3588
197 5474
198 1218
198 1650
198 2975
200 2231
201 3926
202 4923
202 5413
203 532
203 831
203 3468
203 3740
204 1973
204 4715
205 665
205 4784
206 2647
207 659
208 1583
208 2479
208 2756
208 3671
208 4060
208 5304
209 2523
209 3445
210 3537
210 3547
210 3604
210 4520
210 4876
211 550
211 3861
211 4007
212 440
214 2585
214 3476
215 2082
216 622
216 1259
217 549
218 724
218 3434
218 5015
219 3199
219 3561
219 5385
220 429
220 908
220 1098
220 4581
221 1081
222 721
222 1382
222 2333
223 698
223 935
223 2487
223 4514
224 636
225 1206
225 3696
226 710
226 3170
226 3330
226 5148
227 2678
227 4692
227 4738
228 524
228 1704
228 3557
228 3597
229 362
229 1466
229 2819
230 4197
231 2508
231 2556
231 2781
231 3324
231 3745
231 4263
232 1853
232 2176
232 3449
232 5266
233 1743
233 4232
233 4672
234 3527
234 3997
234 4163
235 4775
235 4831
236 2530
236 2620
236 4495
237 337
238 463
238 1960
238 4405
238 5217
239 1112
239 1633
239 4592
240 1786
240 4050
240 5109
241 4349
241 5172
241 5482
242 643
242 3620
243 4998
244 363
244 2388
244 3590
245 2164
245 4898
245 5027
246 312
246 1310
246 4542
246 4679
247 4561
247 4952
248 2097
248 5369
249 372
251 987
251 2782
251 4601
252 3536
252 4643
253 820
253 3899
254 2375
254 2479
254 4365
254 4951
255 1859
255 2771
255 3350
255 4826
256 2919
257 3066
257 3734
258 1691
258 4675
258 5476
259 559
259 3277
260 4388
260 5080
261 2815
262 2383
263 622
264 4021
265 2478
265 3347
266 402
266 1020
266 1607
266 5450
267 1964
268 274
268 417
268 2783
268 4616
268 5319
268 5466
269 945
269 3298
269 4269
269 4606
269 4922
270 2920
270 4269
270 4804
271 3530
271 5401
272 2046
272 3515
272 4632
273 1035
273 1654
273 1679
274 4881
275 1827
275 2186
275 2324
275 4401
276 563
276 3633
277 1493
277 2552
277 3010
277 4627
279 2891
279 3896
280 3509
281 2248
281 3147
281 3196
281 3640
281 4413
281 5368
282 4406
283 1841
283 2302
283 4005
284 1766
285 1305
286 1380
286 1705
286 4314
287 2515
287 4314
288 388
288 1599
288 1649
288 1978
288 3725
288 3776
289 1549
289 1739
289 3239
289 3853
290 4286
291 3477
292 2216
292 3984
293 1011
293 1698
293 2346
293 5192
294 559
295 4687
296 2431
296 2535
296 3695
297 4621
298 1941
299 576
300 735
301 4635
302 1920
302 2908
302 4220
303 640
303 2018
303 3377
303 4104
304 2293
304 4627
305 1556
305 3063
305 3583
305 4193
305 4997
305 5130
306 2879
306 3339
306 3594
307 2972
308 2224
308 3353
309 5280
309 5438
310 2800
310 3543
311 2873
311 3139
311 3149
311 4190
313 1010
314 731
315 4683
316 2480
316 5000
317 1663
317 1935
317 4464
318 2856
319 2947
319 4054
320 1159
320 1431
320 1755
320 2668
321 1398
321 5087
322 4853
323 494
323 498
323 926
323 5498
324 2252
325 917
326 458
326 700
326 1972
326 4804
327 4292
327 4942
328 400
328 3570
328 5358
329 2182
329 3168
329 3954
329 5494
330 1472
330 3662
331 642
331 2257
331 2932
332 1032
332 4764
333 510
333 1446
333 4429
334 450
334 4953
335 427
335 2543
336 2230
336 2899
337 3514
338 872
339 699
339 4813
339 5042
340 3876
340 4534
341 3979
342 417
342 895
342 1345
343 793
343 2584
343 3207
344 1030
344 2392
344 5422
345 445
345 2012
345 5328
346 3987
346 4257
347 949
347 3237
348 667
348 1450
348 4481
349 3882
349 4024
349 5314
350 894
350 1229
350 1766
350 3950
351 1935
351 2772
351 3234
352 2298
353 2316
353 3523
353 4157
354 2048
354 3682
355 1035
355 1384
355 2309
355 3182
355 3221
356 1879
357 2028
357 2831
358 2089
359 414
359 747
359 4284
360 1934
361 831
361 3765
361 4258
361 4875
362 1321
362 5077
362 5193
363 1386
363 2513
364 4060
364 5141
365 687
365 5157
366 531
366 598
366 1356
366 2744
366 5241
366 5259
367 2115
367 2937
367 4363
367 4989
368 1745
368 2530
368 3953
369 2408
369 3016
370 540
370 3235
371 1872
371 4931
372 1389
372 2893
372 2913
373 2283
373 5113
374 1543
374 3960
375 4552
376 509
377 3534
377 4073
378 2312
378 3981
379 2740
380 1056
380 2120
380 2762
381 3048
381 5491
382 761
382 1295
382 1561
382 2540
383 3001
383 3814
384 3154
384 4128
385 4839
386 4169
386 5192
387 1860
387 5177
388 721
388 2560
388 2907
388 3600
388 4075
389 3457
389 4626
390 418
390 966
390 3037
390 4019
390 5440
391 3884
391 4051
392 840
393 4403
394 4962
395 584
396 2009
396 2583
397 661
397 2940
397 3322
397 4514
397 5188
398 2922
398 3719
399 1979
399 3823
400 4515
401 1985
401 4837
401 4888
402 4689
403 4966
404 4818
405 3027
405 5089
406 1046
406 4464
406 5026
407 1640
407 1867
407 2929
407 4064
407 4074
407 4331
408 1865
408 3667
408 4930
408 5154
409 2937
409 2997
410 971
410 1009
410 2083
410 3656
411 546
411 2411
412 3783
412 4158
413 3528
414 756
414 4479
415 2303
415 5047
416 552
416 1432
416 2240
416 5090
416 5384
417 1104
418 563
418 1503
418 4517
419 966
419 3763
420 3549
420 4588
421 2985
421 3033
421 3424
422 3555
422 4093
423 611
423 750
423 1252
424 680
425 2072
425 2626
426 1798
426 2155
426 3092
428 5189
429 546
429 3046
429 3522
429 4053
430 1594
431 4392
432 1907
432 4799
433 521
433 2102
433 3500
434 831
435 1305
435 1701
435 4449
436 5464
437 1003
437 1711
438 1370
439 1099
439 1492
439 2561
439 4545
440 1565
440 1604
441 2031
441 2895
442 1826
442 2781
442 5265
443 3280
444 1299
444 4870
444 4902
445 1838
446 4819
447 3182
447 3462
447 5082
448 2963
448 4755
448 5076
449 2983
450 522
450 3686
451 3079
451 4201
452 4660
453 848
454 3330
455 924
455 3666
456 2050
456 3999
456 4941
456 5324
457 834
459 2432
459 3229
460 597
460 2814
461 3296
462 3920
463 4147
464 3026
464 4524
465 600
465 5267
466 755
466 1385
466 1672
466 2124
467 1875
467 4113
467 4421
468 1538
468 2564
468 3840
468 4389
468 4616
468 4636
468 4731
471 2826
472 1849
472 2171
472 2210
472 3670
472 4869
473 1044
473 1207
473 1238
473 4608
474 635
475 2496
475 2842
475 4313
476 774
476 4319
477 1456
477 1958
477 4710
478 2014
478 2350
478 2671
478 5461
479 1113
479 3108
480 727
481 1772
481 4871
481 5195
482 1359
482 2209
483 1093
484 874
484 3505
485 3200
485 4965
485 5296
487 1389
487 1875
487 2627
487 3513
487 5268
488 5124
489 701
489 1128
489 4084
490 1462
490 1965
490 2341
491 610
491 2230
491 2352
491 4416
492 912
492 3208
492 3681
493 1876
494 623
494 2152
494 2429
494 4092
495 1916
495 2263
495 3199
495 3235
495 4962
495 5041
496 673
496 858
497 1459
497 2361
497 2816
497 3961
497 4726
497 5161
499 3196
499 5061
500 1123
500 1734
500 2552
500 3037
500 4746
500 5361
501 2672
502 901
502 3127
502 4922
502 5151
503 1200
503 2020
504 926
504 2031
504 4312
504 4596
505 592
505 930
505 2718
505 3441
505 3875
506 2360
506 2779
507 5328
508 1888
508 3087
508 3349
509 3158
509 3982
511 2610
512 1937
513 4098
513 5214
514 1807
514 2428
514 2885
514 3100
515 1085
515 2111
515 4201
516 1888
517 914
518 734
518 1898
519 3549
519 5089
520 2389
520 2733
520 2869
520 3500
520 4250
520 4413
521 1491
521 1830
521 2631
522 2980
523 1180
523 1464
523 3796
525 2507
526 868
526 1413
526 1843
526 2304
526 2592
526 5199
527 1143
527 1269
527 3470
528 2856
528 4054
529 4655
530 1562
530 1658
530 4519
531 2709
531 2822
533 860
533 4000
534 2008
534 3753
535 4657
536 4473
537 1065
537 4340
538 1786
539 2165
539 4656
540 4797
541 2535
541 2648
541 4370
541 5477
542 767
542 1091
542 1387
542 2341
542 3701
542 4034
543 1476
543 4214
543 4561
544 1839
544 2142
544 4082
545 3887
546 2355
547 1309
547 3212
547 4009
548 3521
548 4212
549 856
549 4388
549 5002
550 3362
551 2020
551 3083
551 4133
552 4188
553 2493
553 4266
554 1712
554 1799
554 3183
554 4083
555 906
555 992
555 1245
555 3642
555 5469
556 2341
556 4481
557 1658
557 4997
558 1256
558 1431
558 3416
559 1267
559 3907
559 4190
560 2947
560 4042
561 2240
561 3195
561 3651
562 5053
562 5442
563 3040
563 3271
563 3541
563 3606
564 574
564 1996
564 4967
565 2283
565 2485
565 2805
565 4114
565 4263
565 5169
566 1654
567 3260
567 3355
567 4115
568 1575
569 1763
569 3591
570 1532
570 5364
571 781
572 881
572 4139
572 4547
573 2354
573 2821
573 3399
573 3574
575 1707
576 1701
576 5195
577 1553
577 2729
578 5497
579 4862
579 5280
580 4065
581 1871
581 3509
582 2835
583 2021
584 911
584 3439
585 3204
585 3958
585 4217
585 4539
586 2572
586 4888
587 1160
588 1409
588 1812
588 2691
589 827
589 1262
589 2136
590 5185
591 867
591 4991
592 2139
593 726
593 3986
594 1852
595 688
595 942
596 3754
597 2888
597 2977
597 5336
598 738
598 1410
598 3060
598 4672
598 4945
599 1209
599 1458
599 1531
599 4016
600 3211
600 4298
600 4715
600 4884
601 1466
601 2816
601 3258
601 5449
602 2520
602 2524
603 2220
603 2408
603 4717
604 3127
604 3412
604 3719
604 5052
605 2245
606 3743
606 4593
606 5284
607 2753
607 4416
608 964
608 2723
608 3467
608 3862
609 1252
609 1625
609 2930
609 5270
610 2674
610 3234
611 2394
612 4210
613 2578
613 3509
613 4221
613 5402
614 1082
614 1641
614 2017
614 2617
614 5158
615 2471
615 2687
616 3369
616 3584
616 4122
617 2300
617 2473
618 3418
619 2227
619 2255
619 3078
619 3850
619 5006
620 2757
621 2925
621 4335
623 1542
623 3463
623 4698
624 792
625 1600
625 3783
625 4621
626 2985
626 5020
627 1798
628 1059
628 1218
628 2987
628 3676
628 4357
629 1313
629 1631
629 3872
629 5295
630 1662
630 2012
630 2148
630 4433
630 4530
630 5029
631 1201
631 1797
632 4354
633 5040
634 4549
634 4667
635 1448
635 3123
635 3286
635 3984
635 4516
637 4904
638 898
638 2340
640 1723
641 3564
641 4561
641 5071
641 5104
642 833
642 1665
642 5315
644 1977
644 3449
645 1996
645 2707
646 2175
646 5427
647 5368
648 4868
649 1515
649 2789
649 3805
650 2074
650 4808
650 5227
651 4059
651 4557
652 737
652 1646
652 1712
652 5450
653 4234
654 2251
655 2565
655 3914
656 2137
657 2053
658 3101
659 3228
660 920
660 1251
660 2084
660 3027
660 5275
661 2323
662 4495
663 2354
663 2771
663 5263
664 5212
664 5248
665 3604
666 1706
666 3894
667 3430
667 4651
668 4106
668 4650
669 2500
669 2727
669 3361
669 3893
669 3895
670 3311
671 2086
672 2507
672 5022
673 3602
673 3671
674 4137
675 734
676 1095
676 2435
676 3130
677 4021
677 4267
677 4580
678 1385
678 1760
678 3308
679 3443
680 1215
680 2757
681 3118
682 1754
682 4246
683 2327
683 3818
684 2092
684 3270
684 3536
685 2199
685 2271
685 4143
685 5241
686 2863
686 3793
687 4040
687 5261
688 4730
689 936
689 1917
689 4999
690 5128
691 2502
691 3535
692 5285
693 1051
693 1114
694 2999
695 759
695 3174
695 4114
696 727
697 1083
697 1519
698 2368
699 2567
700 1738
700 3929
701 918
701 5458
702 764
702 2820
702 2917
702 3325
702 3829
702 4690
702 5056
703 1718
703 1900
704 2029
704 5236
705 1018
705 3658
705 5063
706 2500
707 1918
707 2669
707 4223
708 4565
709 2615
710 4009
710 4315
711 2333
711 2880
712 830
712 2667
712 3046
712 3151
712 3861
713 3460
714 1738
714 2534
714 3906
715 2082
715 2841
715 3661
716 1438
716 3857
717 3901
717 5380
718 4559
718 5251
719 1299
719 2281
719 2301
720 1201
722 4493
723 2728
723 5198
724 981
724 1737
724 4076
725 1062
725 4195
726 3779
726 3864
728 2459
728 3402
729 741
730 2107
730 4248
731 3106
731 4328
731 4588
732 3478
733 943
733 1091
733 2153
733 2288
734 2965
734 3543
734 4469
735 827
735 1748
735 4191
735 5297
736 2117
736 2260
736 2389
736 4857
738 4158
738 4360
738 5134
739 2408
740 1662
740 2043
740 5173
741 2886
741 4844
742 5139
743 3436
744 913
745 2274
745 3448
746 2276
747 2996
747 3927
748 3588
749 1626
750 1109
750 4951
751 1685
751 3540
752 1304
752 3112
752 4258
753 2376
754 939
754 1720
754 2295
754 4822
755 2087
755 2876
755 4943
756 4582
757 1526
757 2796
758 5056
759 791
759 2864
759 3145
759 4870
760 1115
761 912
762 2791
763 3406
763 4829
764 2069
765 2318
766 1979
768 1680
768 1971
768 3742
769 2023
769 2453
769 3492
770 3909
771 4170
771 5395
772 1864
773 1919
773 2863
773 2927
774 2337
775 1421
775 2742
776 3358
776 3639
777 922
777 1192
778 1601
778 3809
779 785
779 5075
780 2264
780 3643
780 3758
780 3912
780 5153
781 2628
781 4798
781 5122
782 849
782 2668
782 5096
783 3538
783 4549
784 1740
784 4904
785 967
785 2990
785 4171
786 1258
786 1426
786 2619
786 5128
786 5422
787 1679
787 2736
787 3025
788 5156
789 1520
790 1158
790 3352
790 5174
792 3262
793 4666
793 5047
794 3370
794 4372
795 2655
795 4262
796 1199
797 2900
798 3700
799 5108
799 5443
800 5288
801 1604
802 4071
803 1144
804 985
804 1370
804 4569
805 1907
805 2709
806 3102
806 4988
807 4080
808 3422
808 4263
808 4887
808 5347
809 3703
809 4985
810 2108
811 3736
812 1453
812 2680
812 3023
812 3247
812 4648
812 5140
813 5478
814 3574
815 2594
817 1248
818 1605
818 3524
819 1886
819 2061
819 4043
819 5172
820 2704
820 5154
821 981
821 3599
821 5167
822 2364
822 3182
822 5281
823 3303
824 4030
824 4754
825 1809
825 2320
826 3357
827 2277
827 3203
827 4981
828 2269
829 2837
830 1170
830 2358
830 4508
832 4667
833 3119
833 3709
834 1554
834 2047
834 2712
834 2930
834 3683
834 3937
835 3354
836 2932
837 1037
838 908
838 5443
839 875
839 3100
839 3214
839 3599
840 4209
841 945
841 1233
842 2528
842 3120
842 4498
842 4995
843 2348
843 4760
844 1051
844 5029
845 1112
845 1421
845 3557
845 4393
846 3991
846 5152
847 4583
848 2069
848 3895
850 2978
850 3057
850 5168
850 5462
851 1404
851 2469
851 4424
851 4536
852 3602
852 3763
852 4227
852 4986
852 5176
853 5422
854 1511
855 3737
855 4787
856 4386
856 4459
856 4569
857 1039
857 2550
858 5244
859 4413
861 1502
861 5155
862 984
862 5090
863 1511
864 3342
864 3757
864 5433
865 2203
866 2546
866 4326
867 1552
867 1824
867 3323
867 5224
868 3120
869 3722
869 4833
870 4129
870 4186
871 4054
872 1200
872 2095
872 3377
873 2340
873 3088
873 3863
874 1514
874 3529
874 5466
875 4886
876 2599
876 2939
876 4025
877 3920
878 2033
878 3607
879 1389
880 2983
880 3419
880 4926
881 2167
882 2236
882 2773
883 5066
883 5359
884 2661
884 3978
884 4171
885 1667
885 3525
885 4161
886 4272
886 4292
887 2458
887 2912
888 896
888 1035
888 1484
888 4299
889 3498
890 1735
890 2774
890 4756
890 4798
891 964
891 3675
892 4183
893 3433
894 1306
894 2989
894 4871
895 3886
896 5157
897 2056
897 4859
898 4372
899 900
899 1834
899 2677
900 3794
900 4826
900 4940
900 5071
902 5310
903 1726
903 2879
904 2400
904 2573
904 3030
904 3259
904 4149
904 4268
905 1760
905 4889
905 5342
906 3863
907 1078
907 1162
907 2097
907 2532
908 4037
908 5110
909 2249
910 1741
910 1945
911 1062
911 1946
911 2529
911 4310
911 4694
912 1613
912 3301
912 3477
913 2363
914 1589
914 3252
915 1164
915 1369
916 2864
916 4336
917 1114
917 1983
917 2152
918 1953
918 2046
918 2076
919 2300
919 2547
920 4356
920 4842
920 5333
921 982
921 5135
921 5342
922 1522
922 2997
922 3253
922 5384
923 1883
924 1902
924 3351
925 5010
926 2509
926 2579
926 3479
927 1701
927 1777
927 3675
928 1263
928 4065
928 4586
928 5238
929 1243
929 2280
930 3294
931 3966
931 4807
931 5400
932 1994
932 4920
933 1848
933 5258
934 2970
934 3217
936 1081
936 1920
937 954
937 1751
938 3243
938 3876
938 5042
939 3077
939 4750
940 5249
941 960
941 2463
941 2852
941 4420
942 2597
942 5132
943 2356
943 4979
944 1125
945 4673
945 4756
946 1068
947 1897
947 3240
947 4594
947 5140
948 3772
948 5303
949 1935
949 4493
950 1472
951 2085
951 3592
951 4251
951 4265
952 1443
953 5046
954 1559
955 3449
955 5130
956 2118
956 3451
956 3580
956 4853
957 2239
958 4103
958 4124
958 4968
958 5358
959 3758
960 2295
960 3608
960 4805
961 2421
961 3104
961 3912
962 2529
962 4333
963 4383
964 1831
964 1938
965 2629
965 3133
965 4793
967 1309
967 2211
967 3728
968 5442
969 2745
970 1730
970 3488
971 5055
972 4861
972 5088
973 5163
974 2021
975 1957
976 4128
976 4678
977 5367
978 1181
978 3262
979 5193
980 3063
980 3966
981 2575
981 4400
981 4955
982 2358
983 1376
983 4531
983 4708
984 5245
986 2067
987 1551
988 5071
989 5295
990 2391
990 5158
991 2172
991 3549
991 4509
991 5016
991 5158
992 1757
992 2717
992 3305
993 2282
993 3600
993 3876
994 4694
995 4685
995 5232
996 2366
996 5370
997 1811
997 2113
998 1655
998 1744
999 1175
999 3642
999 4674
1000 3029
1000 5129
1001 2996
1001 4148
1002 1496
1002 2272
1003 2986
1004 5246
1005 1756
1005 3435
1005 4946
1006 5092
1006 5120
1007 2032
1007 2417
1008 2616
1008 4290
1009 1444
1009 1542
1009 3442
1009 4172
1011 1815
1011 2675
1011 5009
1011 5018
1012 2560
1013 1481
1013 3350
1014 1660
1014 1973
1014 4218
1015 2523
1016 3290
1016 3336
1017 2951
1017 5048
1018 2002
1018 3108
1018 4613
1019 4078
1019 5169
1021 1590
1021 1782
1022 1058
1022 1100
1022 1725
1022 4304
1023 4292
1024 1696
1024 3989
1025 4775
1026 5156
1027 2282
1027 5060
1028 2717
1028 3140
1028 3246
1028 3852
1029 1398
1029 2170
1029 2446
1029 2787
1029 3151
1030 2196
1031 1202
1031 2475
1031 2757
1032 1303
1033 1559
1034 3023
1034 3680
1034 4995
1034 5218
1035 1205
1036 4060
1037 1751
1037 3587
1037 3673
1038 1039
1038 2681
1038 4080
1039 3464
1039 4786
1040 1507
1040 2967
1040 3315
1042 4576
1043 1220
1043 1444
1044 3383
1044 4176
1045 1060
1045 4313
1046 1152
1046 3797
1047 1518
1047 2835
1047 4755
1048 2477
1049 2056
1050 3636
1051 2459
1051 2966
1051 3696
1052 3572
1053 2931
1053 3902
1054 1616
1054 2614
1055 1353
1055 2015
1056 2632
1057 3144
1057 4368
1059 3402
1059 4768
1060 2390
1061 2125
1062 3227
1063 3898
1064 1813
1064 1938
1064 4185
1064 4218
1064 4428
1064 4901
1066 2498
1066 5317
1067 1736
1068 2193
1069 3214
1070 2099
1071 2075
1072 1217
1072 1923
1072 4319
1073 1771
1073 3654
1074 1679
1074 4477
1075 4501
1075 4747
1076 2297
1077 1232
1077 3796
1078 4490
1078 5335
1079 3531
1079 5271
1079 5399
1079 5441
1080 2408
1081 2978
1082 1452
1083 3393
1084 4120
1086 3055
1086 4149
1087 1294
1087 3498
1087 4334
1087 5361
1088 4928
1088 5269
1089 3218
1090 1423
1090 3787
1090 5379
1092 3385
1092 3739
1092 3779
1092 3940
1093 1171
1094 4402
1095 3825
1096 2675
1096 4206
1097 3373
1097 4574
1098 1292
1099 1495
1099 3416
1099 3621
1099 3664
1101 4836
1102 1937
1102 5373
1103 1513
1104 2790
1104 3427
1104 4567
1105 1566
1105 3836
1105 3992
1105 4025
1106 3359
1107 1590
1107 5008
1108 3613
1109 3077
1110 3473
1111 1756
1112 2271
1113 3101
1113 4061
1114 2607
1114 3682
1115 3137
1116 4711
1116 5097
1117 2613
1117 3432
1118 3645
1119 4181
1120 4238
1121 5086
1121 5286
1122 2829
1122 4906
1123 1354
1123 3788
1123 4261
1124 2948
1124 3410
1124 3779
1125 3150
1125 4608
1126 2129
1126 3848
1127 1588
1127 2080
1128 2093
1129 1278
1129 2860
1129 3411
1129 3437
1129 4848
1130 4652
1131 5344
1132 1906
1132 2568
1133 1922
1133 3111
1135 4153
1136 2112
1137 1669
1138 3211
1138 3832
1138 4418
1139 3242
1140 4710
1141 2330
1141 3421
1141 4131
1142 2402
1142 4243
1143 2788
1144 1158
1145 4898
1146 3040
1147 1546
1147 1562
1147 4316
1148 1354
1148 1544
1148 1938
1148 3579
1149 1866
1149 3463
1150 1283
1150 4785
1151 5079
1152 1804
1152 3935
1153 3716
1153 4217
1153 5079
1154 4648
1156 2055
1156 3278
1156 4362
1157 1192
1158 2068
1159 2914
1159 5094
1160 1389
1160 2548
1160 5010
1161 1372
1161 4932
1162 1191
1162 4568
1162 5266
1162 5406
1163 2078
1163 4948
1164 1657
1164 4249
1165 2209
1165 3637
1165 5111
1165 5490
1166 3973
1166 4864
1167 2653
1167 3902
1168 2768
1168 4113
1169 1606
1169 2671
1169 4303
1170 3461
1170 5099
1171 1950
1172 2529
1172 4154
1172 5467
1173 4969
1174 2892
1174 3800
1175 1729
1175 2096
1176 1850
1176 3552
1177 2270
1177 3544
1177 3887
1177 4534
1177 5006
1178 1455
1178 2013
1179 2656
1179 4071
1180 2376
1180 3974
1181 1343
1182 3322
1183 4614
1184 2401
1184 3193
1185 1951
1185 4686
1185 4754
1186 1967
1186 4520
1187 1507
1187 5147
1188 5305
1189 1352
1189 3556
1189 4503
1190 1875
1192 2414
1192 5188
1193 2644
1193 3902
1194 1629
1194 3715
1195 4399
1195 5280
1196 3087
1197 1671
1198 2312
1198 2479
1198 2982
1198 3196
1198 3252
1199 1509
1199 2625
1199 4929
1200 2406
1200 3635
1200 4814
1201 3815
1202 2240
1202 4318
1203 1227
1203 2551
1203 3916
1204 2338
1204 3259
1205 2389
1206 1374
1206 1875
1208 2015
1209 1797
1209 2643
1209 4183
1210 1912
1210 3809
1211 1258
1211 2992
1211 4925
1212 2530
1212 4093
1213 1957
1213 4627
1214 4543
1215 4003
1215 4976
1216 4981
1216 5329
1217 2838
1217 3887
1217 4349
1218 3002
1219 3382
1220 3897
1221 1547
1221 1725
1221 3345
1222 1910
1222 3022
1222 3626
1222 3674
1223 3328
1224 1943
1224 2265
1225 1790
1225 5144
1226 1394
1226 4243
1227 1489
1227 1963
1227 4096
1228 1251
1229 2323
1229 2769
1229 3156
1229 5444
1230 2918
1230 5379
1231 1728
1231 2319
1231 3275
1232 2248
1232 3656
1232 4404
1233 3970
1233 4657
1235 1427
1235 2185
1236 2967
1236 3248
1236 4787
1237 5302
1238 1383
1238 3517
1238 4567
1239 1969
1240 2424
1240 3436
1240 3522
1240 4289
1241 3954
1242 3080
1242 4461
1242 4823
1244 4549
1244 4838
1245 3096
1246 1957
1246 3240
1247 2034
1247 2560
1247 3281
1247 4238
1248 3142
1249 2372
1250 3856
1250 3943
1250 4719
1251 1466
1251 4416
1252 3196
1253 1878
1253 2481
1253 4960
1254 1871
1254 4532
1255 3743
1255 4859
1255 5447
1257 1286
1257 3325
1257 4788
1258 1379
1259 1362
1259 3064
1259 4500
1260 1516
1261 4538
1262 4289
1263 1692
1263 4850
1263 4923
1264 1656
1264 3753
1265 1930
1265 3111
1266 3858
1267 2052
1267 2182
1268 2803
1268 4256
1269 3594
1269 5208
1270 5265
1271 1892
1272 3410
1273 1869
1273 2498
1274 3705
1274 4698
1275 5253
1276 5221
1276 5330
1277 3952
1278 2724
1278 2859
1278 4219
1279 3132
1279 5004
1280 2776
1280 3051
1280 5369
1281 4764
1282 3389
1282 3746
1283 1649
1283 4696
1284 2690
1284 3365
1284 4099
1284 4983
1285 2514
1285 2952
1286 1632
1286 1722
1286 2572
1286 3807
1287 1885
1287 4516
1287 5350
1287 5475
1288 5182
1289 4104
1289 4913
1290 2367
1290 4871
1291 2000
1292 4497
1292 4925
1293 1840
1293 2738
1295 4518
1296 2480
1296 2772
1297 1383
1298 4095
1299 1774
1299 2175
1299 4290
1299 5481
1300 4397
1300 4556
1301 4832
1302 2680
1302 3683
1303 1559
1303 2085
1303 2455
1303 2801
1304 4695
1305 1847
1307 1908
1307 1946
1308 3868
1308 3893
1308 4144
1308 5137
1310 3295
1310 3300
1310 3463
1310 4363
1310 5046
1311 3429
1311 5405
1312 1965
1312 4576
1313 2242
1313 5171
1314 3166
1314 5400
1315 2363
1315 2637
1315 2975
1316 1590
1316 2502
1317 5416
1318 3312
1318 4555
1319 1384
1319 4212
1320 2207
1320 2511
1322 1601
1323 3232
1324 5180
1325 2535
1325 3730
1325 3877
1326 5475
1327 3395
1328 1684
1328 3315
1329 1623
1330 1842
1331 2537
1331 2789
1331 4182
1332 3302
1333 3809
1334 1949
1334 2487
1335 1558
1335 2425
1336 1388
1337 1894
1337 5032
1338 3832
1338 3915
1338 5311
1339 2478
1340 1386
1340 4309
1340 4642
1341 2114
1341 4085
1341 5304
1342 3037
1344 1639
1344 4442
1345 4288
1346 2085
1346 2747
1347 2258
1347 4228
1348 1937
1348 2045
1349 3552
1350 3553
1350 4106
1350 5128
1351 2780
1351 3371
1351 4192
1351 5243
1352 3704
1352 3723
1352 4959
1353 1610
1353 1915
1354 2200
1355 1454
1355 3506
1355 4511
1356 2005
1357 4990
1357 5112
1358 1696
1359 1939
1359 3154
1360 1868
1361 1507
1362 2791
1362 5237
1362 5267
1363 2441
1363 3322
1364 4015
1364 4102
1364 4274
1364 4345
1364 4592
1365 3539
1366 2122
1366 3496
1367 4603
1368 1371
1368 2842
1368 5423
1370 3113
1370 4085
1371 2397
1372 1789
1372 3612
1373 2235
1373 5031
1374 1469
1374 5136
1374 5481
1375 1574
1375 3475
1375 4390
1376 2767
1377 4990
1377 5066
1377 5216
1378 4215
1378 4779
1380 3710
1381 3528
1381 5147
1382 2250
1383 2239
1383 3242
1384 2518
1385 2730
1387 3224
1387 3519
1387 4341
1387 4713
1388 2772
1389 2821
1390 2719
1390 4557
1391 4443
1392 2092
1393 3934
1394 2932
1395 2289
1397 3407
1398 1676
1398 3246
1398 4541
1399 4533
1399 5000
1400 2797
1400 4140
1401 3150
1401 4464
1401 5340
1402 1485
1402 2496
1402 2531
1402 2757
1403 3187
1404 1529
1405 1846
1405 2425
1405 3871
1405 4889
1406 2188
1406 2829
1406 2954
1406 4538
1407 2080
1408 2318
1409 3038
1410 3557
1411 1733
1411 4510
1412 1494
1412 4594
1412 5239
1413 2833
1413 3159
1414 2010
1414 3313
1415 2708
1415 3652
1415 4543
1416 2519
1417 3397
1418 2702
1419 3307
1420 1896
1420 2046
1421 1911
1421 2047
1421 3464
1421 3773
1421 4386
1422 2935
1424 1534
1424 2917
1425 5128
1426 5016
1427 1759
1427 4036
1428 3049
1428 5246
1429 1918
1429 2379
1429 3704
1430 4322
1430 5438
1431 2150
1433 3194
1434 2335
1434 3727
1434 4549
1435 3534
1435 4289
1436 2443
1436 4396
1437 3361
1438 4157
1439 3166
1439 4010
1440 5285
1441 3132
1441 3366
1441 4513
1442 4266
1443 1513
1444 5460
1445 2306
1445 4382
1446 1764
1446 3500
1446 4359
1448 4752
1448 5341
1449 3943
1449 4246
1449 5141
1450 2019
1450 3887
1450 4482
1450 4716
1451 2996
1451 4325
1451 4819
1453 2359
1455 4328
1455 4443
1456 3648
1457 3447
1457 4213
1457 5174
1458 2004
1458 3137
1458 3995
1460 3867
1461 1651
1461 3396
1463 1557
1463 5210
1464 3663
1464 4200
1464 4207
1465 4324
1466 2906
1466 3869
1466 4579
1466 4589
1467 2492
1468 2238
1469 3492
1470 4919
1471 4118
1472 4129
1473 1996
1474 1847
1474 3657
1474 5164
1475 1982
1475 3250
1476 2503
1476 3605
1476 4310
1476 5124
1477 3849
1478 1507
1478 2483
1479 2389
1479 2943
1480 3932
1480 4999
1481 2156
1481 2858
1481 2927
1482 1490
1482 2321
1482 4770
1483 3847
1486 3442
1487 2327
1488 5182
1488 5437
1490 1514
1490 2444
1492 4856
1493 1985
1493 3151
1495 2109
1495 3267
1495 4273
1496 4953
1497 2860
1498 3515
1499 4554
1500 2639
1500 4756
1501 2494
1503 3877
1503 5499
1504 1972
1504 2161
1504 2688
1504 4645
1505 1533
1505 4812
1506 3057
1506 5359
1508 3047
1509 5444
1510 4675
1511 2577
1511 4058
1512 4582
1513 2992
1513 3546
1513 4216
1514 1865
1514 2906
1514 3201
1514 3739
1516 2031
1516 4568
1517 2959
1517 4431
1518 3736
1519 3096
1520 2672
1520 4090
1521 3041
1523 3756
1523 4234
1523 5267
1524 1982
1525 2277
1525 4135
1525 5434
1526 1930
1527 2966
1527 4717
1528 3119
1530 4754
1533 2146
1533 4391
1535 1804
1535 3910
1535 4594
1535 4933
1536 2648
1536 4754
1537 1760
1537 3654
1537 4408
1537 4526
1537 4736
1537 4764
1537 5274
1538 3987
1538 4340
1539 1853
1539 3444
1540 2002
1540 4362
1540 5079
1541 2298
1541 5225
1542 2902
1543 3369
1544 4994
1545 1708
1545 4121
1545 5120
1546 2056
1547 3909
1547 4358
1547 4934
1548 2473
1548 3831
1548 4388
1548 5293
1549 2100
1550 3643
1551 1884
1551 4252
1552 1724
1552 3939
1552 4018
1553 1874
1554 5234
1555 2149
1555 2171
1555 2615
1555 3182
1555 4268
1557 4018
1558 2188
1559 2183
1559 4191
1560 3418
1561 2997
1561 5371
1563 2729
1563 5103
1564 3158
1564 3740
1565 1605
1565 1843
1565 2775
1566 3490
1566 4418
1566 5308
1566 5462
1567 4039
1568 1713
1569 3166
1570 2991
1570 3873
1571 4056
1572 3870
1572 5203
1575 2053
1576 4606
1577 2070
1578 1884
1579 2223
1579 4220
1580 4229
1580 4460
1580 4863
1580 4974
1581 3901
1581 5205
1582 2530
1582 4661
1583 3767
1583 4647
1584 1990
1584 4440
1585 2409
1585 3826
1586 2025
1587 2657
1588 2929
1588 3636
1588 4497
1588 4819
1589 1639
1590 2097
1590 4537
1590 5285
1591 4653
1592 2171
1592 3516
1592 5321
1593 1654
1594 2022
1594 4296
1595 4234
1595 5215
1596 2426
1597 1971
1597 3536
1598 3600
1598 5490
1599 1892
1599 3391
1599 5201
1600 5420
1602 4738
1603 2539
1604 1974
1604 2020
1605 4455
1607 3384
1607 3805
1607 4649
1608 4950
1608 5021
1608 5466
1608 5498
1609 1695
1609 4284
1609 4995
1610 5367
1611 4687
1612 1683
1612 3065
1612 4104
1613 1740
1613 5033
1614 3999
1615 2094
1615 2554
1615 3623
1615 4596
1616 4358
1616 4646
1617 4127
1618 2248
1618 4302
1618 4450
1618 5031
1619 1653
1619 3274
1620 3361
1620 4458
1621 2386
1621 4925
1622 1735
1622 2538
1622 4650
1624 3715
1625 4938
1626 2772
1626 3533
1626 3733
1626 4247
1627 3403
1627 3873
1628 3635
1629 2829
1629 3816
1630 4738
1631 2376
1632 1906
1632 5107
1633 5427
1634 2313
1634 2689
1634 3268
1634 3826
1634 5129
1635 1958
1636 1815
1636 1872
1636 3184
1636 3410
1636 3835
1637 3376
1637 3712
1638 4254
1638 4618
1639 3860
1641 4621
1642 2650
1643 1697
1643 2872
1644 2073
1644 2137
1645 4099
1646 1864
1647 2913
1648 2213
1649 3996
1651 4278
1651 4781
1652 3454
1653 3961
1654 4675
1657 2930
1658 3408
1659 2030
1659 2573
1659 2988
1659 3370
1660 2997
1660 3622
1660 5473
1661 3959
1663 3659
1664 4378
1664 4662
1666 2324
1666 3824
1666 3963
1666 4628
1668 1954
1668 5069
1669 3176
1669 3887
1669 4763
1669 5044
1670 3897
1670 5293
1671 4922
1672 2470
1672 4675
1673 2728
1674 3423
1674 4629
1675 3968
1675 3972
1676 4653
1676 5213
1677 3133
1678 3248
1678 4871
1679 4277
1680 2617
1680 5263
1681 1744
1682 4018
1682 4792
1683 2208
1683 2980
1684 4673
1685 3855
1686 1785
1686 1801
1687 1831
1687 2862
1688 4517
1689 4755
1690 4383
1690 5119
1691 3609
1693 2526
1693 4197
1694 1701
1694 3868
1694 3952
1695 4206
1696 3185
1696 4637
1697 2233
1697 3086
1697 3716
1697 5059
1698 3100
1698 3158
1699 2900
1699 5296
1700 5141
1702 3415
1702 4526
1702 4732
1703 2441
1703 2885
1706 1954
1707 5038
1708 1825
1708 4813
1709 2485
1710 2770
1710 4021
1711 4045
1712 5227
1713 3375
1714 2108
1714 2566
1714 2999
1714 4255
1715 2594
1715 3569
1715 4212
1715 4409
1716 5474
1717 1997
1718 4220
1719 2547
1720 4645
1721 4989
1723 1949
1723 1967
1724 2311
1724 3131
1724 4160
1724 4617
1725 2828
1725 5423
1727 1747
1727 2413
1727 3226
1727 5043
1727 5326
1728 3792
1728 3962
1729 2151
1729 4739
1730 4599
1730 4843
1731 2860
1731 3494
1731 4644
1731 5314
1731 5488
1732 4290
1733 2991
1733 3297
1733 4784
1734 4561
1735 2744
1735 3042
1736 4320
1737 3154
1737 3454
1738 4572
1738 4965
1739 3393
1742 2820
1742 3582
1743 2578
1743 4396
1744 3485
1744 3844
1745 3553
1746 2328
1746 2597
1747 5181
1748 2008
1748 3691
1749 2280
1750 4406
1751 4206
1751 4372
1752 3227
1753 3117
1753 3356
1753 5246
1754 3074
1754 3498
1755 4942
1756 2466
1757 1807
1758 2555
1758 4500
1758 4865
1761 2538
1763 2512
1763 2628
1763 5053
1765 3256
1765 3852
1766 1989
1766 2290
1766 3707
1767 3410
1768 3158
1769 1814
1769 2805
1769 5453
1770 4332
1771 1918
1772 4152
1773 2540
1774 5257
1775 3621
1776 4763
1777 4262
1777 4740
1778 2173
1778 2877
1778 3404
1778 4562
1779 2696
1779 3585
1780 3462
1780 3901
1781 3411
1781 3795
1781 3851
1783 2313
1783 2932
1784 2168
1784 3038
1784 3402
1787 3310
1787 5447
1788 2654
1788 2986
1788 4773
1789 4557
1790 2229
1790 2761
1790 3667
1790 4748
1792 2700
1792 4754
1793 2741
1794 2333
1794 4972
1795 2781
1795 3470
1796 2869
1796 4710
1797 4337
1800 2843
1800 5094
1801 3371
1803 4351
1803 4407
1805 5139
1806 2766
1806 3713
1806 4863
1807 5430
1808 2122
1809 2052
1809 2931
1809 5400
1810 2060
1810 2214
1812 4573
1812 4885
1812 4889
1813 3622
1814 3791
1814 4005
1816 1819
1816 3257
1816 3295
1816 3847
1816 4532
1816 5482
1817 3843
1817 3975
1818 2000
1818 2262
1818 2342
1818 2979
1819 2705
1820 3009
1820 4814
1821 2343
1821 2580
1822 2132
1822 3203
1822 5040
1823 1969
1823 3427
1823 4473
1823 5244
1824 2626
1824 2663
1824 3269
1825 4488
1825 4923
1826 3966
1826 4297
1827 2943
1827 4806
1827 5215
1828 4516
1829 1932
1829 5115
1830 2135
1832 3174
1832 4713
1833 2132
1833 3773
1834 4316
1835 3044
1836 3957
1837 5047
1839 3679
1839 3897
1841 4072
1843 4298
1844 4433
1845 2568
1846 3408
1848 3858
1848 4528
1849 2464
1849 4425
1850 4857
1850 5455
1851 3484
1851 4879
1852 2185
1852 4113
1854 3483
1854 4512
1855 2227
1855 2314
1855 5006
1855 5128
1856 4287
1856 4361
1857 4461
1857 5415
1858 2377
1858 2571
1859 4836
1860 2126
1860 3605
1860 4961
1861 5119
1862 5368
1863 2672
1864 3656
1864 3676
1865 1891
1865 2647
1866 3151
1867 5473
1868 4783
1870 2851
1870 4634
1870 4897
1871 2450
1871 3947
1871 4248
1873 2558
1875 4123
1875 4952
1875 5233
1876 3151
1876 3717
1876 3808
1876 4131
1876 4506
1877 2348
1877 4033
1877 4814
1878 2651
1878 3063
1878 5255
1879 2141
1879 2165
1881 1948
1882 3882
1883 2163
1883 4210
1884 1896
1884 2599
1884 4588
1884 5078
1885 4823
1887 3295
1887 5025
1889 2360
1890 2270
1890 2664
1892 1970
1892 4208
1893 2535
1893 2540
1894 2958
1895 3486
1895 4393
1896 3112
1896 4680
1896 5375
1897 1953
1897 3920
1898 4572
1899 2100
1899 4274
1899 5201
1901 3398
1901 3428
1902 4283
1903 4151
1903 4980
1904 4354
1904 5200
1904 5403
1905 3851
1906 3933
1906 4521
1906 4941
1906 5386
1907 3150
1907 3467
1907 4699
1907 5465
1909 2839
1909 2853
1910 2326
1910 2561
1910 3101
1910 3435
1911 3670
1911 3750
1911 4832
1912 2648
1913 5007
1914 2546
1914 4221
1915 2871
1916 4134
1916 4436
1917 2160
1918 4882
1919 2077
1920 2532
1921 4713
1921 5276
1922 3445
1924 2316
1924 4219
1924 5240
1925 5262
1926 2747
1927 3832
1928 3349
1928 4142
1929 1951
1929 4567
1930 3048
1930 4046
1931 1996
1931 3876
1932 4708
1933 3944
1934 3421
1934 3646
1935 2442
1935 3341
1935 4066
1936 3642
1936 4595
1936 4918
1937 2861
1938 5162
1938 5372
1939 2413
1939 5448
1940 3179
1940 4644
1941 2482
1941 3545
1941 4027
1942 5190
1944 2317
1944 2922
1944 4142
1945 4581
1947 3542
1948 3886
1948 4236
1948 5430
1949 3172
1950 3135
1950 4367
1951 3108
1952 2528
1952 2669
1952 2710
1952 2737
1954 3572
1955 5429
1956 4867
1956 5361
1957 2621
1957 2827
1958 4155
1959 4630
1960 3227
1960 3630
1960 3745
1961 1993
1962 2334
1962 3042
1964 4650
1965 2618
1966 4271
1966 4383
1968 3386
1968 4900
1969 2042
1969 2241
1969 5293
1970 3906
1975 3274
1975 4209
1975 4229
1976 2424
1977 4392
1978 2723
1978 2945
1980 5322
1981 2163
1981 4106
1982 2861
1982 3007
1982 5080
1983 2170
1983 2370
1983 5339
1984 3305
1984 3633
1984 4449
1984 5071
1986 4900
1987 4113
1988 5023
1990 4180
1991 2032
1992 2084
1992 2373
1992 2467
1992 4068
1995 4335
1996 2345
1996 2364
1996 4362
1996 4823
1997 3802
1997 4729
1998 2184
1998 5103
1999 5191
2000 2590
2000 5411
2001 4888
2002 5353
2003 2526
2003 4291
2004 4082
2004 5091
2004 5197
2004 5468
2005 2407
2005 3009
2005 3970
2005 5097
2006 2864
2006 3459
2007 4199
2007 4343
2007 4905
2007 5237
2007 5423
2008 3106
2008 5037
2009 5119
2010 5350
2010 5399
2011 3559
2011 5447
2013 2175
2013 3210
2013 4826
2015 4894
2016 2051
2016 2609
2018 3726
2019 3393
2020 2049
2020 2202
2021 3974
2022 2889
2022 4519
2023 4116
2023 5160
2024 5348
2025 5164
2026 4630
2027 3903
2027 4658
2029 3041
2029 4547
2032 2304
2033 2806
2034 2130
2034 4380
2034 4607
2034 5431
2035 3039
2035 4007
2037 2863
2037 2904
2037 3488
2037 3815
2038 2622
2038 3700
2039 2842
2039 3321
2039 3420
2039 5127
2040 2648
2042 3254
2042 5489
2043 4287
2044 3898
2044 4845
2044 4883
2045 3230
2045 3526
2045 3865
2046 3525
2046 5317
2047 3121
2049 3035
2049 3147
2049 3443
2049 4351
2049 4363
2054 3561
2055 3722
2056 2513
2058 2193
2058 2199
2058 3924
2059 3901
2060 4968
2062 2184
2062 2992
2062 3178
2063 3496
2063 4598
2063 5297
2064 5130
2065 3329
2066 4390
2067 3363
2069 4460
2070 2488
2070 3737
2071 3515
2073 2110
2074 3977
2075 2538
2075 2769
2075 2925
2076 5475
2079 2275
2080 4176
2081 3472
2081 3572
2081 3961
2082 3417
2083 5429
2086 2098
2086 2901
2088 4783
2089 3357
2090 2684
2090 3306
2090 4219
2090 5000
2091 3816
2092 4342
2093 2334
2094 3074
2096 5249
2097 2802
2097 3262
2097 5386
2098 5388
2099 4577
2100 2852
2101 2928
2101 3421
2103 3413
2104 2415
2104 3514
2105 3589
2105 4385
2106 4065
2110 4028
2111 2648
2112 3302
2115 3151
2117 2607
2117 4146
2118 3393
2118 3590
2119 2930
2119 4882
2120 2328
2121 5018
2122 3512
2123 2445
2123 4743
2123 5309
2124 5305
2125 5176
2126 2678
2127 2848
2127 3518
2128 4728
2129 3258
2130 4753
2131 2417
2131 2708
2131 2804
2131 2872
2131 4190
2132 4370
2132 4872
2132 5209
2133 4949
2133 5134
2134 2490
2134 3071
2135 4095
2136 4896
2137 4741
2137 4817
2138 4478
2139 2916
2139 3664
2140 2198
2141 3653
2142 2785
2142 3632
2142 4216
2142 4376
2143 2927
2143 5143
2144 4233
2145 3097
2147 3744
2147 3828
2147 4714
2149 2768
2149 2880
2149 3199
2150 2397
2150 3329
2150 5042
2152 3212
2152 3726
2153 4766
2153 5417
2154 3176
2154 5390
2155 2830
2156 5243
2157 4311
2158 5375
2159 4003
2159 5390
2162 4276
2163 3582
2164 4373
2166 3957
2166 4773
2167 3090
2168 3324
2169 3911
2169 4437
2170 3097
2170 3550
2173 4799
2174 3057
2176 3193
2176 4006
2176 4693
2176 5228
2177 2334
2177 3008
2178 4352
2178 5297
2179 3871
2180 4134
2180 5005
2181 3262
2181 3494
2181 5262
2182 2205
2182 4378
2182 4919
2184 3460
2185 3530
2185 4693
2185 5185
2186 2339
2186 2635
2186 3624
2187 4776
2187 5001
2189 2252
2190 4661
2191 2695
2191 3344
2191 4140
2192 5307
2193 3367
2193 3674
2194 3233
2194 4963
2195 3474
2195 3837
2196 2544
2196 5098
2197 3418
2197 3822
2198 3711
2198 4210
2201 3702
2202 2607
2203 2676
2204 5106
2204 5329
2205 4244
2206 3112
2207 5323
2208 2724
2208 2998
2208 4733
2209 3126
2210 5330
2211 3538
2211 3699
2212 3867
2212 4666
2213 2711
2214 4523
2215 3222
2215 3877
2215 4259
2217 3398
2217 3768
2217 5244
2218 4777
2219 4162
2219 4412
2219 4978
2220 2896
2220 4204
2221 2457
2221 2721
2221 5358
2222 3468
2222 3949
2222 4188
2223 3647
2223 3849
2223 4914
2225 2511
2225 3700
2226 4856
2228 2819
2229 4459
2229 4691
2230 3189
2230 3429
2231 2784
2231 5447
2232 2617
2234 4886
2235 4337
2235 4501
2236 3278
2237 4439
2238 3069
2238 3866
2238 4496
2240 3098
2242 2395
2243 4730
2243 4820
2244 3103
2245 2356
2246 3080
2246 4308
2246 4774
2247 3845
2247 5447
2248 4829
2249 4473
2252 2534
2252 4302
2253 4138
2254 2298
2254 4909
2254 5197
2255 3626
2256 4230
2256 5211
2257 3109
2257 4594
2257 5105
2258 2429
2258 3636
2259 3856
2259 5284
2260 2418
2260 4603
2260 5276
2260 5384
2261 2850
2261 4447
2261 5039
2262 2823
2262 3450
2263 2623
2263 4525
2264 4022
2264 4035
2264 4829
2265 3499
2265 5235
2266 3552
2266 3575
2267 5145
2268 2426
2268 3501
2268 5251
2269 2514
2269 3298
2269 4266
2269 4273
2270 2461
2270 4434
2270 4735
2271 2955
2272 4548
2273 3132
2275 2722
2276 4882
2277 3568
2278 3670
2278 4436
2279 3568
2279 4285
2280 3794
2280 5000
2280 5101
2281 2489
2281 4466
2281 5397
2282 5490
2283 4128
2283 5156
2284 3147
2284 3192
2284 4467
2284 4571
2284 4754
2285 3535
2285 4044
2286 3086
2287 2847
2287 3959
2290 4943
2291 4084
2292 2609
2292 3574
2292 3846
2292 3902
2292 4237
2293 4579
2294 4664
2296 3808
2296 3995
2297 3502
2298 3636
2299 2358
2299 2400
2300 2870
2300 4689
2300 5121
2301 3854
2301 4897
2302 4415
2303 4998
2303 5023
2304 2479
2304 2672
2304 4699
2305 4791
2306 5002
2307 5049
2307 5412
2308 4184
2308 4510
2309 4467
2310 3046
2314 4124
2314 5191
2314 5322
2315 5339
2316 5313
2317 2786
2317 3364
2317 4729
2318 4456
2321 4684
2321 4773
2322 5460
2324 5424
2325 2545
2325 3162
2326 3583
2327 4845
2328 4677
2329 4865
2330 2544
2331 2703
2331 4180
2332 5213
2336 4838
2338 4892
2340 5295
2341 3912
2342 4129
2342 4427
2343 4145
2344 2386
2346 2903
2346 4660
2346 4687
2347 3315
2347 3993
2348 3912
2348 4968
2349 3973
2351 2381
2351 5287
2352 2557
2352 2618
2352 3886
2352 4935
2353 4094
2353 4314
2354 4282
2354 4637
2354 5230
2355 3228
2357 2440
2357 5167
2357 5351
2358 2730
2359 4961
2360 4920
2362 3816
2363 2445
2363 3535
2364 3060
2364 3834
2365 4819
2366 3911
2368 5069
2369 2782
2369 4367
2369 5396
2370 4362
2371 4331
2372 3143
2372 4311
2372 4468
2373 3419
2374 3982
2375 2859
2376 5039
2376 5388
2377 3485
2377 4658
2378 2896
2378 5401
2379 3111
2379 5493
2380 4002
2381 2586
2381 3812
2382 2446
2383 2992
2383 4403
2384 3187
2385 5232
2387 2754
2387 4332
2388 3381
2391 3539
2391 3653
2391 4931
2393 4430
2393 5378
2395 4493
2395 5025
2395 5315
2396 2439
2397 3867
2398 2422
2398 3442
2399 3254
2401 3052
2403 2897
2404 5368
2405 4960
2407 2523
2407 3405
2407 5492
2409 3202
2409 4783
2409 5362
2410 3560
2410 4020
2410 4845
2411 2497
2412 4119
2412 4339
2414 4245
2414 5222
2415 4018
2416 3287
2416 3893
2417 4597
2418 4908
2419 2769
2419 4910
2420 3665
2420 3955
2421 4700
2422 2883
2422 3987
2423 4636
2424 3573
2425 2462
2427 2997
2427 4935
2428 3816
2428 4397
2430 4710
2431 3687
2431 3889
2432 3634
2433 2921
2434 3610
2434 5469
2435 3011
2435 4472
2436 2734
2436 2886
2436 4307
2437 4546
2437 5013
2438 2812
2438 2996
2438 5012
2439 2628
2440 3561
2441 2813
2441 3164
2442 4881
2443 2880
2444 2663
2445 2515
2445 4241
2447 2595
2447 3861
2448 2942
2448 5465
2449 2928
2450 2919
2450 3013
2451 4655
2452 4334
2454 4417
2454 5329
2455 3238
2456 2799
2456 5065
2458 4880
2460 3022
2460 3084
2460 3414
2462 3299
2462 4307
2465 5105
2466 3559
2467 2685
2467 3910
2468 2936
2468 5455
2471 3490
2471 4634
2471 5049
2471 5302
2472 2837
2473 3994
2473 4555
2474 3750
2474 4230
2475 4669
2476 3863
2478 3152
2480 2808
2482 2588
2482 3153
2482 4432
2483 4402
2483 4978
2484 2576
2484 4440
2484 5092
2485 2624
2486 4062
2486 4210
2486 4787
2487 4434
2489 3584
2490 3877
2490 4475
2492 3619
2492 3856
2492 4028
2492 4919
2494 3906
2494 4311
2495 2504
2495 3103
2495 3326
2496 2903
2496 3495
2497 4795
2499 2877
2500 5188
2501 3000
2501 3908
2503 3412
2503 4067
2504 4764
2504 5384
2505 5055
2506 4615
2506 5111
2506 5325
2507 3303
2507 4456
2508 4898
2509 4133
2509 4235
2510 3084
2510 5282
2511 3690
2512 3500
2512 4510
2513 3026
2513 5257
2513 5467
2515 3003
2515 4279
2516 2566
2517 4127
2518 4653
2519 5120
2521 4884
2522 3632
2522 3746
2523 3259
2523 4802
2524 4830
2525 4877
2527 3830
2527 3947
2528 4811
2530 4193
2532 3273
2533 3393
2534 4740
2536 4966
2536 5180
2537 3552
2539 4873
2540 5037
2541 2882
2541 5440
2542 2879
2542 4257
2543 3568
2543 5248
2544 5050
2545 3384
2545 5313
2546 3001
2548 4158
2548 5226
2549 5031
2550 4363
2552 4085
2553 3950
2554 3515
2554 4555
2554 4619
2555 4751
2556 4631
2556 5357
2557 3096
2557 3256
2559 4749
2563 4536
2565 5393
2566 2567
2568 4717
2569 3367
2569 5432
2570 4874
2571 4002
2572 3023
2574 2612
2574 5438
2575 3127
2575 4156
2575 5292
2578 5497
2579 3484
2579 5363
2580 3051
2580 3618
2581 4265
2581 4968
2582 3319
2582 4921
2583 4561
2583 5133
2584 3533
2586 4148
2586 4452
2587 3476
2587 4297
2587 4801
2588 3902
2589 3378
2589 3490
2590 2787
2591 2964
2591 3322
2591 4507
2593 3579
2593 4246
2595 2971
2595 3115
2595 3464
2596 3026
2596 3470
2597 4004
2598 3504
2599 4509
2599 5019
2600 2854
2600 2974
2600 3349
2601 2944
2601 3703
2601 4456
2602 3497
2603 5247
2604 3397
2605 2897
2605 3722
2606 4236
2608 4110
2609 4114
2609 4494
2610 2906
2611 4004
2611 4935
2612 3866
2613 4440
2616 4679
2617 5267
2618 2935
2618 4992
2619 2699
2619 3163
2621 3403
2621 4785
2621 4881
2623 4024
2625 3517
2626 3335
2626 4620
2627 5159
2628 4242
2629 2655
2630 4445
2630 5278
2633 4552
2634 2844
2635 3275
2636 2944
2636 4485
2637 5251
2638 4566
2639 3632
2639 3733
2639 3806
2640 3048
2640 3629
2641 3449
2642 3613
2643 3779
2643 4609
2644 3151
2644 3456
2644 4210
2644 5109
2644 5264
2645 3909
2646 4916
2646 5148
2646 5175
2647 5453
2649 3764
2650 4858
2650 5163
2652 3260
2652 3658
2654 3971
2654 4044
2655 4667
2656 3059
2656 3360
2657 3465
2658 3942
2658 4379
2659 3763
2660 3671
2662 3644
2662 4299
2664 4786
2665 2975
2665 3999
2665 4891
2666 4026
2666 5340
2667 3720
2670 2994
2670 4837
2671 5031
2673 3966
2675 4369
2676 3317
2677 4221
2679 3501
2681 4139
2681 4418
2682 2920
2682 4091
2683 3172
2683 3852
2683 5346
2684 4853
2686 3461
2686 4747
2687 5195
2688 4864
2689 4017
2690 4243
2690 5345
2691 2743
2691 5138
2692 2911
2692 3018
2692 4400
2693 3170
2693 3496
2694 3632
2695 5398
2696 4794
2697 4812
2698 4846
2699 3215
2700 5462
2701 2841
2702 5186
2706 4048
2707 4471
2708 3864
2709 2913
2709 5414
2710 3809
2711 5445
2712 3338
2713 3509
2714 4016
2715 4074
2716 3107
2716 3122
2716 4888
2718 3501
2718 5126
2719 3095
2719 4400
2720 4185
2720 4999
2721 3289
2721 3372
2721 4067
2721 4147
2722 3064
2724 2890
2725 2756
2725 5097
2726 3441
2726 4348
2728 5114
2730 3562
2730 4412
2731 5279
2732 4176
2733 3962
2735 3840
2738 4783
2739 2864
2739 2914
2740 4584
2742 4534
2743 5256
2745 4742
2746 2949
2748 3315
2749 2831
2750 4055
2751 3477
2751 3923
2751 5307
2752 4422
2752 5465
2754 3560
2754 4081
2755 3920
2758 4210
2760 4766
2761 4575
2763 3345
2764 2865
2764 3433
2764 4748
2765 2795
2766 3819
2767 3010
2767 3843
2768 4270
2768 5394
2769 4910
2769 5017
2770 2855
2770 5442
2771 3361
2771 3463
2771 3846
2772 3876
2774 3882
2777 3953
2778 2892
2778 3005
2779 3867
2780 3232
2780 4240
2782 3655
2783 3316
2783 3704
2784 5392
2785 5203
2789 3955
2789 4777
2790 3134
2790 3714
2790 4432
2790 4861
2790 5069
2791 3113
2791 5075
2792 3799
2792 4559
2794 3738
2794 4870
2795 3408
2797 4095
2798 3740
2799 3821
2799 4235
2799 5195
2800 2887
2800 4204
2802 4213
2803 5095
2805 3598
2806 3762
2806 5423
2807 4214
2808 4064
2808 4962
2809 3073
2810 3643
2811 3299
2811 3604
2811 3641
2811 5025
2812 3867
2812 5316
2813 5080
2814 4690
2815 3398
2817 5207
2819 2868
2820 4470
2820 5264
2821 3504
2822 4676
2822 4776
2824 2973
2824 5414
2825 2870
2825 2946
2826 4542
2826 4565
2828 5062
2828 5151
2829 3504
2829 4631
2831 3193
2832 4103
2834 3262
2834 4401
2835 5086
2836 3420
2836 4972
2837 4705
2839 3751
2839 4608
2840 3795
2840 3845
2842 5470
2843 4164
2844 4452
2845 3140
2846 4267
2846 5027
2848 2948
2848 2978
2849 3913
2849 5122
2850 3412
2850 3898
2850 5311
2851 3801
2852 3005
2853 3027
2853 3245
2855 4367
2855 4644
2857 3693
2858 3929
2858 3988
2861 3095
2862 4168
2863 5281
2865 2888
2865 4412
2865 5384
2866 5036
2867 3114
2867 4327
2868 4330
2868 4871
2869 4368
2871 3251
2874 3580
2874 4698
2875 3598
2875 3804
2875 4097
2878 3678
2881 4697
2881 4860
2881 5000
2881 5194
2882 3850
2882 4492
2882 5239
2883 3993
2884 2997
2884 3121
2884 5222
2884 5235
2884 5272
2885 5371
2886 4712
2888 5354
2888 5381
2891 4933
2892 5195
2893 3177
2893 5466
2894 3863
2894 4112
2894 4458
2894 5038
2894 5112
2898 3457
2899 4003
2899 4105
2899 5258
2900 5116
2900 5132
2901 3727
2904 4626
2905 3759
2905 3944
2906 3018
2906 3392
2906 3876
2906 3905
2906 4430
2907 3717
2909 3746
2910 3538
2911 5245
2912 4290
2912 5203
2914 3315
2914 3452
2915 3315
2917 2918
2920 3874
2921 3326
2923 3149
2923 3786
2924 5418
2925 5353
2926 5382
2929 3158
2930 5219
2932 3694
2933 5407
2934 4041
2935 5052
2935 5419
2937 3190
2937 3827
2937 5207
2938 3981
2938 4405
2938 4937
2939 3258
2940 3004
2940 3329
2940 4955
2941 3229
2941 3827
2942 3252
2943 3841
2946 4269
2948 3024
2949 3237
2949 3734
2950 3703
2950 5192
2950 5463
2951 3077
2951 4890
2951 5192
2952 3223
2953 2960
2953 3375
2953 5369
2955 3940
2955 4566
2956 3756
2957 4130
2958 3629
2958 4684
2958 5118
2961 4113
2961 4898
2962 4264
2963 5025
2964 3018
2965 4166
2968 5385
2969 3197
2970 4516
2971 4205
2972 4325
2974 3131
2974 4173
2975 5382
2976 4641
2976 4816
2976 5467
2977 5174
2978 3669
2979 4105
2980 3567
2981 4421
2983 3210
2984 3794
2984 4483
2984 5471
2985 5273
2985 5274
2986 5457
2989 3116
2990 3915
2990 4150
2991 3295
2991 3834
2993 5016
2995 4455
2995 5214
2996 4587
2996 4814
2996 5306
2996 5364
2997 5417
2998 3736
3001 4548
3004 3283
3005 4539
3005 4747
3006 5232
3007 5428
3007 5451
3009 4642
3011 4305
3012 4289
3014 3535
3015 3532
3015 4273
3017 3452
3017 5425
3018 4683
3018 5189
3019 4081
3020 3305
3021 3712
3021 5354
3022 3418
3023 3103
3023 3359
3023 4686
3024 4980
3025 3091
3025 3158
3026 3179
3026 5154
3027 3033
3028 3332
3028 5203
3029 4302
3030 3504
3030 4682
3031 4554
3032 3809
3033 4998
3033 5433
3034 3264
3034 5439
3035 4818
3036 4030
3037 3284
3037 4112
3037 4702
3038 3340
3038 4087
3038 5418
3039 3077
3040 4910
3040 5035
3041 3308
3043 3694
3043 4877
3044 3553
3045 3630
3045 4300
3047 4232
3048 5478
3049 4259
3050 3827
3052 5117
3053 4511
3054 3058
3054 3446
3054 3470
3054 3906
3054 5122
3054 5326
3055 4463
3056 3952
3059 5337
3060 4411
3061 3673
3061 5331
3062 4461
3064 3261
3064 3549
3065 4293
3067 4279
3068 3594
3068 4087
3068 4582
3069 3125
3069 4603
3070 3681
3071 3780
3072 3179
3072 3778
3073 4508
3074 4590
3074 4659
3074 5186
3075 3810
3076 3123
3076 3567
3076 4791
3076 5310
3077 5338
3078 4933
3080 3815
3080 3979
3081 3154
3081 4286
3082 3489
3084 4855
3085 4273
3086 4852
3087 3790
3088 3320
3089 5256
3090 5465
3092 5013
3092 5358
3094 3678
3094 4879
3095 4643
3097 4051
3097 4945
3098 5102
3099 4201
3100 3710
3101 3685
3102 4966
3103 4215
3104 5357
3107 3900
3109 3848
3109 4380
3109 5231
3110 4866
3111 3327
3111 4499
3112 4001
3112 4505
3113 3201
3113 3820
3113 4267
3115 4181
3116 3941
3116 5110
3118 3366
3119 4851
3120 4455
3121 3887
3122 3343
3122 4598
3124 3443
3124 3473
3125 3200
3127 4504
3128 4424
3129 3642
3133 3191
3133 5271
3134 3995
3136 4837
3137 3642
3137 3707
3137 4106
3138 3303
3138 5401
3139 4506
3140 3907
3141 4037
3142 3291
3142 3937
3143 3363
3146 5070
3146 5497
3148 5097
3149 4126
3149 5286
3150 4897
3154 3883
3155 5045
3156 4663
3157 3947
3157 4426
3158 5234
3159 4534
3160 3288
3160 4735
3161 4235
3162 3528
3164 3688
3164 4652
3165 5235
3166 3853
3166 3875
3166 5404
3167 5217
3169 4554
3171 3226
3172 4348
3173 3371
3173 3688
3175 3521
3175 3851
3175 4058
3177 3382
3178 3474
3178 5059
3180 4564
3181 3206
3181 3246
3183 3187
3183 4455
3186 3873
3186 4304
3186 5314
3188 3198
3188 5449
3190 5191
3191 4432
3192 4518
3193 4436
3193 4955
3194 4430
3196 4466
3196 4544
3197 3348
3197 4635
3198 4000
3199 4277
3201 4161
3202 3537
3202 3761
3205 3800
3205 4472
3206 5051
3207 3927
3208 5220
3209 4377
3209 4673
3211 4145
3211 4796
3212 5259
3213 4844
3216 3757
3217 3388
3218 4354
3218 5408
3218 5427
3219 4501
3220 3270
3220 4431
3221 3992
3221 4196
3223 3805
3223 4229
3223 4885
3224 4643
3226 4008
3227 3274
3227 3702
3229 4100
3229 4756
3229 5310
3230 3278
3231 4662
3233 3514
3233 3559
3233 5320
3235 4459
3235 4636
3236 5055
3237 4625
3237 5114
3239 4098
3241 3371
3244 5480
3245 4438
3245 5284
3246 3414
3246 5150
3248 4781
3249 3389
3251 3723
3251 5073
3252 3254
3254 4738
3255 3302
3257 4486
3257 5427
3258 3280
3259 3566
3260 5456
3263 3398
3263 5260
3265 4151
3265 4718
3266 4354
3266 4449
3269 4688
3269 5299
3270 4049
3270 5322
3272 3322
3276 3330
3278 3613
3278 4201
3279 4983
3281 4560
3281 5169
3282 4832
3283 4398
3283 4519
3285 4370
3286 3512
3288 5049
3289 3555
3289 5118
3289 5224
3290 4130
3290 4373
3290 4837
3291 3838
3293 4184
3293 5196
3294 4602
3294 4950
3296 4055
3296 4358
3297 4073
3298 4330
3300 5083
3302 4733
3304 4226
3305 4388
3305 4629
3305 5337
3306 5164
3307 3685
3308 3894
3308 4330
3309 5430
3310 4668
3310 5327
3311 4650
3311 5004
3313 4107
3313 4233
3314 4151
3315 5104
3317 4968
3317 5139
3318 3896
3318 4901
3322 5031
3322 5233
3323 5276
3326 3622
3326 4180
3326 4447
3326 4754
3327 4884
3328 4701
3329 4267
3331 4625
3333 3387
3333 3400
3334 3959
3336 3455
3336 4888
3337 3871
3339 4182
3341 4059
3342 5127
3343 3743
3345 3881
3345 4284
3345 5410
3346 3688
3347 4661
3348 3908
3348 4222
3349 3407
3349 4091
3351 4479
3352 3837
3352 5227
3353 4761
3354 4118
3354 4927
3354 5289
3355 5065
3355 5146
3356 4137
3356 4710
3356 4734
3357 4087
3359 3622
3365 3798
3366 3653
3367 5479
3368 4308
3369 3664
3369 3696
3370 5085
3371 5089
3372 5205
3373 3749
3375 3721
3376 4411
3376 4780
3377 3596
3377 5069
3378 5363
3379 3919
3379 4523
3380 3997
3380 5440
3383 4313
3385 3611
3385 4231
3390 4026
3390 4897
3392 5439
3393 5095
3394 3517
3395 3422
3395 5458
3397 4900
3400 4918
3401 4311
3403 4971
3406 3970
3406 5082
3407 4021
3409 5339
3412 5347
3413 4615
3414 4536
3418 3851
3419 5415
3421 3999
3421 5366
3425 4519
3426 4184
3427 5411
3427 5459
3428 4938
3431 4777
3431 4866
3435 3829
3437 5063
3438 5191
3440 4347
3440 5352
3442 4506
3444 4320
3445 3729
3447 5154
3450 3839
3451 3622
3451 4374
3451 4392
3452 4797
3453 3772
3454 4491
3454 4714
3455 3938
3456 5312
3457 3616
3458 4765
3458 5089
3465 3774
3465 3865
3466 4655
3466 5347
3467 3813
3468 3679
3468 5387
3469 3760
3469 3897
3469 3959
3469 5214
3470 3921
3471 4057
3472 4934
3472 5341
3474 3608
3474 4610
3478 3601
3480 3580
3480 3717
3480 4522
3481 4078
3482 5494
3484 4250
3485 3591
3485 3721
3485 4378
3487 5016
3488 4640
3489 3612
3489 3665
3491 4862
3491 5181
3491 5265
3493 4509
3495 4070
3495 4872
3496 4969
3497 5283
3500 5205
3502 3895
3502 4634
3503 4515
3504 4830
3505 5317
3506 5028
3507 3758
3508 5307
3510 3648
3510 3691
3511 4932
3514 4120
3515 3715
3517 3624
3517 5269
3520 3678
3522 4353
3523 3661
3526 5298
3527 5063
3528 4390
3530 4918
3531 5483
3533 4338
3533 4907
3534 3917
3534 4558
3535 4721
3535 5491
3538 5280
3542 5337
3543 3933
3545 4108
3545 4442
3546 3652
3546 5486
3547 3616
3547 4794
3547 4912
3550 5013
3551 3577
3553 4674
3553 5430
3554 3684
3554 3929
3555 5431
3556 5117
3557 4722
3558 4424
3560 3615
3560 3653
3560 4487
3562 4474
3563 3896
3563 5024
3564 4602
3571 4760
3571 5125
3572 3788
3576 5474
3577 4270
3578 4084
3578 4156
3578 4878
3580 4229
3581 5084
3582 4569
3582 4609
3583 4734
3585 4893
3586 4441
3588 3632
3588 4886
3589 4007
3589 5496
3590 4136
3592 3884
3593 3648
3593 4905
3594 4723
3594 4901
3595 3991
3596 4192
3600 3888
3600 4127
3600 4384
3601 5011
3602 5102
3603 4271
3604 3877
3605 3990
3605 5063
3607 4468
3607 4909
3610 4312
3610 4531
3611 4567
3612 3843
3613 3976
3614 3728
3614 3998
3615 3812
3616 4153
3617 5463
3619 4994
3619 5452
3620 5423
3621 4007
3621 4061
3621 4799
3625 5158
3627 4607
3628 4637
3629 4047
3630 3891
3630 4273
3631 3947
3632 5235
3634 4211
3637 4989
3638 4870
3639 5298
3642 3994
3642 4810
3643 5291
3645 4666
3647 5226
3648 3916
3649 4858
3649 5314
3650 3674
3650 5135
3651 3761
3653 4635
3655 5200
3657 5493
3658 4591
3660 4280
3660 5240
3662 4354
3664 5300
3668 5040
3669 4863
3670 4357
3670 4703
3670 5048
3672 4161
3672 4541
3673 3991
3673 4710
3675 4559
3675 4942
3675 4958
3676 4358
3677 3741
3677 4255
3677 5155
3682 3956
3682 5443
3684 3943
3684 5179
3687 3870
3687 4458
3689 4825
3690 3712
3690 4284
3692 4977
3693 5485
3694 5319
3696 3969
3697 4888
3697 5254
3697 5311
3698 4864
3700 5429
3704 4451
3706 5301
3708 4586
3709 5402
3711 4977
3712 3986
3714 3764
3715 4498
3715 5283
3717 4573
3718 4317
3718 4678
3718 4715
3719 4277
3719 5170
3724 4637
3726 4528
3730 4118
3731 4849
3732 4701
3733 4117
3735 4548
3735 4895
3738 5409
3744 3922
3744 4327
3745 4761
3747 4338
3748 4743
3751 5182
3752 4032
3752 5170
3754 4699
3755 4049
3757 4858
3758 4675
3759 3997
3761 4391
3761 5028
3765 5028
3766 3982
3766 4442
3766 5166
3767 5059
3767 5214
3768 4178
3769 3869
3770 4600
3770 5255
3771 4023
3771 5245
3775 4821
3776 5012
3777 4330
3778 4872
3781 4081
3781 5328
3782 5234
3782 5391
3784 4710
3785 4169
3791 4264
3792 4039
3794 3811
3794 4864
3803 5403
3804 4015
3805 3944
3805 4073
3809 4469
3811 4588
3813 3912
3813 4677
3815 5174
3817 4013
3821 5069
3822 5205
3823 5170
3825 5454
3829 4457
3829 5144
3829 5402
3830 4130
3833 3883
3833 5303
3837 4955
3838 4738
3839 3880
3840 4452
3841 4885
3842 4895
3846 3911
3847 4202
3848 3911
3857 5233
3859 5377
3860 5317
3861 4294
3868 4070
3868 4277
3868 4963
3870 4542
3875 3993
3876 4208
3876 4393
3877 5210
3877 5355
3878 4524
3879 3980
3881 5392
3883 5194
3885 4337
3886 5383
3887 4824
3889 5239
3890 5049
3890 5225
3891 5333
3892 4102
3892 4717
3892 5265
3893 4836
3895 4609
3898 4186
3903 4387
3903 5094
3904 4551
3904 5196
3907 4027
3907 5484
3909 4429
3909 5036
3910 4803
3911 3925
3911 4175
3912 5446
3916 4970
3917 3936
3918 4756
3919 4910
3920 4290
3925 5472
3926 4956
3927 4401
3928 4331
3930 4773
3931 4118
3931 4311
3932 5499
3934 4333
3935 5017
3936 3985
3936 5147
3936 5295
3937 3945
3939 4738
3939 4908
3942 4377
3943 4638
3946 4057
3948 4652
3948 4726
3948 5206
3949 4495
3949 4832
3950 4327
3950 4948
3950 5005
3951 4351
3952 4801
3957 4451
3959 5139
3961 4047
3961 4556
3961 5296
3963 4053
3967 5349
3968 5004
3968 5396
3970 4327
3978 5178
3980 4254
3983 4291
3986 5450
3989 5203
3989 5290
3991 4733
3993 5135
3995 5013
3997 4264
3999 4512
3999 4923
4000 4662
4000 4843
4000 5058
4001 4321
4001 5338
4002 4345
4003 5382
4008 5145
4008 5414
4010 5038
4011 4429
4011 4906
4011 5034
4012 4480
4013 4234
4014 4788
4014 5408
4016 4446
4018 4391
4019 5239
4020 4752
4022 4780
4023 5465
4025 4112
4025 4472
4025 5113
4027 5473
4029 4562
4031 4133
4035 4303
4035 5364
4038 4417
4041 4726
4041 5274
4042 4697
4042 4924
4043 4752
4045 4737
4045 5033
4047 4731
4047 5436
4048 5351
4049 4249
4051 5302
4052 4884
4053 5081
4056 5035
4056 5242
4057 5141
4061 5098
4061 5115
4062 4664
4063 4898
4064 4277
4066 4130
4069 4376
4072 5240
4074 5197
4075 5395
4077 4685
4077 5031
4079 4274
4080 4322
4081 4708
4086 4627
4088 5469
4089 5107
4091 4929
4091 5333
4096 4497
4096 4835
4101 5401
4104 4681
4109 4264
4110 4306
4111 5114
4115 4270
4117 4708
4117 5349
4119 4248
4125 4367
4126 4278
4126 4429
4126 5054
4128 5487
4132 4873
4137 5286
4137 5479
4138 4236
4138 5428
4140 5074
4142 4406
4143 5253
4147 4942
4152 5300
4153 4622
4153 4829
4155 4999
4156 5409
4158 5271
4159 4664
4160 4700
4161 4262
4161 4875
4162 5205
4163 4236
4164 4572
4165 4671
4165 5489
4166 4946
4167 4611
4167 5283
4168 5458
4170 5031
4173 4629
4175 4381
4177 5190
4178 4864
4178 5100
4179 4199
4180 4584
4183 4540
4183 4575
4185 5206
4186 4293
4189 4611
4190 4317
4191 4398
4192 4364
4194 4772
4194 4884
4196 4266
4198 5459
4202 5060
4203 4774
4204 4714
4205 5007
4209 4515
4210 5313
4212 5444
4213 4879
4213 5248
4214 4720
4214 5123
4214 5252
4216 4352
4218 4782
4218 5285
4221 5394
4223 4346
4224 4995
4226 4572
4228 4611
4231 4447
4234 5429
4237 4645
4239 5300
4240 4453
4240 4928
4240 5411
4241 5413
4245 4395
4245 5208
4248 4436
4253 5302
4259 4917
4260 4996
4262 4818
4263 4283
4264 5386
4267 4292
4267 4968
4269 4710
4270 4824
4270 4867
4270 5262
4271 4596
4273 5179
4275 5389
4276 4582
4277 4344
4280 4786
4280 5009
4280 5374
4281 5478
4283 4845
4284 5018
4286 5229
4288 4402
4289 4529
4289 5032
4290 4761
4291 4355
4295 4589
4299 4939
4299 5142
4299 5411
4300 4721
4300 5146
4306 4868
4314 4520
4315 5187
4318 5445
4322 4471
4323 4603
4323 4941
4324 5342
4325 4464
4327 4465
4327 5030
4329 5264
4331 4412
4337 4339
4339 4476
4344 5248
4345 4794
4346 4423
4347 4585
4347 4604
4348 5220
4350 5030
4350 5328
4352 4828
4355 4737
4357 5117
4358 4757
4359 5371
4363 4768
4364 5012
4365 4957
4366 5114
4371 4771
4372 4376
4374 4451
4374 5165
4375 4553
4376 5423
4381 4996
4382 4448
4388 5227
4390 4888
4390 5189
4395 5209
4398 5213
4399 5079
4400 4414
4401 5305
4404 4744
4410 4957
4411 4641
4411 5370
4412 4762
4412 5110
4415 4547
4415 4654
4416 4920
4417 5008
4418 4563
4418 5452
4419 5432
4423 5212
4427 4846
4427 5399
4432 4462
4432 4835
4432 5485
4433 5072
4435 4892
4437 4875
4438 4631
4439 5204
4440 4527
4441 4445
4442 5409
4444 5424
4448 5172
4451 4466
4452 5180
4454 4787
4457 5341
4457 5343
4461 5365
4462 4709
4462 4711
4470 4993
4473 4596
4473 5145
4478 4607
4478 4727
4480 5127
4483 5293
4484 4516
4485 5200
4486 4642
4489 5127
4492 4802
4494 4662
4495 4947
4497 5277
4498 4773
4500 5121
4500 5206
4501 4773
4502 5151
4506 4689
4506 5161
4507 4513
4509 5376
4515 4542
4516 4821
4517 4524
4519 5288
4519 5366
4524 4807
4524 5450
4526 4899
4527 5044
4527 5073
4529 5359
4534 5339
4535 4600
4540 5015
4543 5057
4545 5354
4552 5133
4553 4683
4553 5094
4553 5381
4554 5143
4556 5102
4562 5247
4564 4661
4570 4592
4572 4715
4575 4931
4575 5394
4578 5410
4579 5301
4586 5461
4587 4596
4590 4749
4595 5172
4596 4773
4598 5046
4601 5466
4604 4982
4606 4728
4612 5178
4614 5074
4615 4815
4616 4682
4617 4626
4618 4962
4621 4709
4621 5006
4623 4894
4624 4674
4624 4904
4625 5162
4630 5358
4633 4919
4635 4653
4639 4707
4640 5098
4641 5072
4646 5423
4654 5293
4655 5200
4659 5353
4660 5213
4664 5353
4665 5299
4670 4702
4670 5090
4671 5345
4688 5126
4690 4984
4691 4728
4691 5492
4692 5356
4693 5486
4694 5053
4696 5433
4705 5170
4706 5105
4710 5267
4717 5204
4722 5100
4723 5324
4724 5026
4729 4954
4732 4848
4735 4867
4738 5296
4739 4831
4745 4829
4750 5014
4753 4936
4758 5139
4759 5130
4760 5245
4763 5294
4763 5367
4764 4904
4767 5023
4769 5454
4770 4966
4775 4813
4776 4879
4778 5050
4783 4903
4783 5143
4789 5190
4789 5250
4790 5262
4792 4834
4796 4910
4800 4859
4801 5297
4809 5074
4809 5371
4809 5421
4810 4944
4810 5332
4817 5406
4821 5086
4823 5100
4825 4884
4828 4979
4832 5279
4833 4969
4837 4921
4837 5184
4838 5130
4839 5477
4840 4984
4841 5348
4847 5212
4848 5450
4849 4851
4854 5083
4854 5228
4857 4933
4859 5074
4861 5003
4864 5391
4866 5066
4873 5054
4878 5020
4881 5415
4882 5363
4888 4906
4889 5493
4895 4934
4900 5179
4903 5135
4910 5387
4911 5163
4912 4924
4914 5338
4915 5409
4916 5061
4924 5490
4928 5352
4936 5415
4941 5477
4953 4976
4956 5231
4973 5048
4977 5187
4980 5287
4980 5392
4987 5151
4993 5250
4995 5462
5000 5037
5004 5344
5011 5251
5012 5373
5026 5093
5029 5435
5038 5074
5052 5116
5052 5197
5052 5294
5060 5390
5061 5162
5064 5196
5066 5148
5068 5214
5074 5416
5079 5388
5085 5338
5090 5151
5091 5249
5096 5381
5101 5410
5101 5482
5108 5217
5135 5441
5136 5224
5136 5334
5140 5459
5164 5166
5177 5496
5202 5245
5223 5309
5226 5389
5229 5318
5239 5427
5251 5348
5265 5377
5272 5416
5277 5469
5286 5398
5290 5396
5303 5340
5304 5334
5306 5346
5340 5495
5360 5400
5392 5489
