0 2068
1 142
1 1603
1 2083
1 2512
1 2792
2 2988
3 386
3 2380
3 2689
3 2961
4 2159
4 2791
5 1194
5 2000
5 2621
6 843
6 1571
7 246
7 1882
7 2637
7 2718
8 1294
8 2066
9 570
9 1389
10 602
10 3119
11 650
12 171
12 1861
12 2985
13 1914
13 2954
14 246
14 3034
15 230
16 248
16 484
16 505
17 354
17 493
17 758
17 2680
18 1091
18 1848
18 2025
19 1222
19 2502
19 2677
19 3050
20 422
20 2963
21 215
22 89
22 118
22 250
22 1360
22 1519
22 1710
22 1916
22 2878
23 1654
23 2821
24 2245
25 1866
26 2326
27 245
27 2893
27 3138
28 97
28 230
28 1066
29 137
29 601
29 1711
29 2389
29 2447
29 2510
29 2799
30 1774
31 2774
32 877
32 2028
32 2777
33 156
33 2717
34 920
35 2219
35 2650
36 868
36 2484
36 3144
37 628
37 2676
38 167
38 532
38 2352
39 850
39 1025
39 1305
39 1327
39 1857
40 983
40 1620
40 2236
41 85
41 869
41 3006
42 91
42 1046
42 1117
42 2175
43 1300
43 1774
43 1797
44 220
44 1414
44 2923
45 917
45 1021
45 1525
45 2305
46 1410
46 2006
47 803
47 957
47 1826
48 168
48 820
48 1364
49 1883
49 2684
50 1454
51 1888
52 141
52 2697
52 3163
53 1259
53 1408
54 103
54 1598
54 2624
55 110
56 678
56 847
56 914
56 1122
56 2775
57 2014
57 2549
58 281
58 780
58 2039
58 3147
59 3047
60 1978
61 210
61 618
61 1395
61 1977
61 2433
62 2151
62 3195
63 1562
64 762
64 841
64 1339
64 2596
64 2653
64 2695
64 3017
65 1488
65 2679
66 919
66 2380
67 1767
67 2886
68 1454
69 588
69 1598
70 533
70 1534
70 2524
70 2893
71 298
71 824
71 2357
71 2402
72 1653
72 1723
73 1990
74 622
74 895
74 2529
75 1369
76 492
77 1244
77 1470
77 2338
77 2660
78 858
78 1126
78 1896
79 534
79 811
79 1063
80 1670
80 1847
81 1426
81 2157
81 2459
82 139
82 596
82 1255
82 1469
83 123
83 192
83 2419
84 1429
85 398
85 1806
86 257
86 1004
86 1021
87 1119
88 897
88 1560
88 2541
88 3111
89 239
89 2188
90 3078
91 681
91 938
91 2942
91 3019
92 2029
92 2615
93 2226
94 775
94 984
95 404
95 1215
95 1937
95 3144
96 2612
97 1715
97 1754
98 2158
98 3112
99 512
99 1454
99 1962
99 2031
100 1087
100 1802
100 2126
101 2203
102 971
103 245
103 900
103 1800
103 1973
103 2314
104 266
104 2567
105 1278
105 1776
105 2000
106 1881
107 326
107 1652
107 2219
108 1519
109 408
109 2381
110 615
110 1109
111 2978
112 1240
112 1766
113 1300
114 636
114 2401
115 244
116 1328
116 2094
117 750
117 2666
119 447
119 1118
120 1192
120 1243
120 1541
121 958
121 1146
121 2260
121 2701
121 3126
122 1675
123 1110
123 2495
124 1487
124 3094
125 828
125 843
126 3122
127 2402
128 2377
129 348
129 699
130 512
131 906
131 2538
132 1077
133 1373
133 1797
134 2918
135 589
135 1041
136 461
136 2732
137 778
137 2356
137 2870
137 2989
138 449
138 1076
138 2065
138 2209
139 2012
140 3159
141 752
141 1623
141 1818
142 2199
142 2501
142 2849
143 283
143 2514
144 1329
144 3020
145 266
146 1208
147 1311
147 2790
148 1612
148 2346
148 2817
149 299
149 1609
149 2515
149 2659
150 603
150 858
150 1256
151 472
151 1293
152 2199
153 2058
154 865
154 2489
155 2287
156 2554
156 2899
157 756
157 1401
157 1550
157 2686
157 2825
157 2896
158 567
158 1881
158 1886
159 1114
159 1252
160 2924
161 1212
162 1453
162 2012
162 2177
162 3057
163 674
163 699
164 2326
164 2341
164 3114
165 1533
166 1981
166 2474
167 796
167 2149
168 1771
168 1933
168 1989
168 2440
168 2961
169 2365
170 239
172 2171
172 2401
173 2459
174 893
175 345
175 578
176 1193
176 2020
177 563
177 2378
177 2645
178 706
178 1338
178 2137
178 2325
178 2976
179 2257
180 765
181 2120
182 310
182 1529
182 1804
182 3189
183 495
183 1306
184 592
184 2359
184 3103
185 2468
185 3177
185 3197
186 1998
187 2493
187 3152
188 391
188 797
188 1591
188 1783
188 2673
189 1490
189 2233
190 554
191 946
191 2693
193 968
194 1952
195 1600
196 838
196 995
196 1380
196 1682
196 1929
196 2770
197 1394
197 1613
198 1060
198 1803
198 2333
199 1008
199 2190
199 2296
200 1471
201 965
201 2062
201 2977
202 880
202 2634
202 2935
203 527
203 1160
203 2625
204 1888
204 1975
204 2675
204 3001
205 2270
206 1693
207 2529
207 3144
208 315
208 2850
209 865
209 1527
210 584
210 1495
210 1868
210 2026
211 2970
212 1992
212 2794
213 1657
213 2027
214 1584
215 2037
216 410
216 1430
216 1524
216 1874
217 1295
217 3171
218 648
218 1824
219 2743
220 1979
220 2186
221 1267
221 2171
221 2766
221 2947
221 3135
222 381
222 454
222 1025
222 1108
223 1107
224 1150
224 2470
225 2638
226 1850
226 2511
227 481
227 742
227 2849
228 782
229 2995
230 317
230 640
230 1367
230 2176
231 1259
231 2397
232 385
232 1888
233 1253
233 1293
233 2736
234 1681
234 2017
235 1897
235 1991
236 696
237 280
237 745
238 749
238 909
238 2221
239 704
239 1462
239 1957
239 1980
240 1506
240 2167
241 830
241 1125
242 1500
242 3132
243 1014
243 2114
243 3099
244 325
244 799
244 860
245 2197
245 2624
246 357
247 2767
248 1389
248 2627
249 1448
251 1782
251 1936
252 722
252 2152
253 1139
254 272
254 775
254 2378
254 2414
255 707
255 1038
255 1638
255 2797
256 431
256 2627
257 410
257 1260
257 3173
258 1249
258 1958
258 2158
259 796
260 1030
261 3115
261 3134
262 1621
262 2225
263 1001
264 671
264 2494
265 1107
265 1500
266 1520
266 2449
267 3081
268 919
268 1220
268 2737
269 591
269 2129
270 2142
271 1166
272 870
273 2176
274 1179
275 482
275 2661
276 1390
277 1552
277 3060
278 3129
279 1544
279 2332
281 840
281 1637
281 1757
281 3176
282 838
282 1028
283 960
283 1190
283 2602
284 991
285 1289
285 2645
286 388
286 600
286 716
287 2081
287 3028
288 970
288 1346
288 2071
288 2082
289 454
289 1864
289 1916
289 2250
289 2614
290 1393
291 534
292 1174
292 3134
293 1263
293 1693
294 2285
295 2604
296 1368
297 2688
298 1141
298 2231
299 2509
300 1184
300 2101
300 3141
301 664
301 2464
301 2594
301 2637
302 379
302 2729
302 2757
302 3143
303 332
303 483
303 1054
304 565
304 1766
305 819
305 1032
305 2598
306 2097
307 2048
307 2092
308 754
309 1224
309 2755
310 671
310 1273
311 2377
311 2760
312 2913
312 3029
312 3187
313 726
313 2600
313 2742
314 345
314 1463
314 1607
315 392
316 2203
317 667
317 1923
317 2659
317 2938
318 1775
318 1952
319 524
319 2438
320 1085
320 2138
321 547
321 2809
322 2186
323 1521
323 1962
324 1029
325 1651
325 1762
325 2236
325 2241
326 1291
326 2742
327 540
328 1266
328 1594
328 1642
329 2813
330 818
330 1270
330 2632
331 1868
332 1225
332 2945
333 1484
333 1977
334 1344
335 2288
335 2582
335 2865
336 525
336 1194
336 3149
337 1969
338 1281
339 899
339 1456
339 2498
340 508
341 1178
341 1181
341 1927
341 2270
341 2714
341 3131
342 400
342 3023
343 1085
343 1090
343 1113
343 1754
344 597
344 1032
346 1291
346 2851
347 2197
348 2515
348 2689
349 2567
350 1281
350 1627
350 1858
350 2266
351 535
351 1929
351 2039
351 3059
352 1103
352 2003
352 2123
352 2882
353 2488
354 419
354 1861
354 2037
355 441
355 1286
356 2390
357 469
357 649
358 766
358 1407
358 3070
359 2624
360 1037
360 1724
360 2576
361 2824
362 979
362 1244
362 1722
362 1749
363 1680
363 2407
363 3082
364 710
364 1191
364 1543
364 1583
364 2901
365 1797
366 804
366 1514
367 1026
367 1152
368 3104
369 1103
369 2097
369 2445
369 2698
370 2907
370 3082
371 400
372 3122
373 1919
373 2240
374 628
374 1195
375 1662
375 2209
376 598
376 2537
376 3112
377 536
377 2485
377 2951
378 2390
379 579
379 1533
379 2261
380 3114
381 1752
382 2405
383 489
383 721
383 1023
383 1652
383 1838
384 923
385 641
385 1552
385 3082
387 1453
388 722
388 741
389 2612
390 1738
391 1571
392 2445
393 2057
394 708
394 1254
395 1363
396 1920
396 2417
396 2724
396 2808
397 1166
397 2552
398 2755
398 3004
399 1306
401 2430
401 2820
401 2986
402 1261
402 1443
402 1739
402 2661
403 2725
404 564
404 938
404 1523
404 1891
404 2603
405 716
405 1735
405 2268
406 1186
406 1599
406 2153
406 2732
406 3190
407 1646
408 555
408 2531
409 986
409 1014
410 966
410 2390
410 2611
411 487
411 1728
412 643
412 2728
413 1682
413 3116
414 592
414 1059
414 1534
415 761
415 1143
415 2440
416 847
417 1647
417 1997
418 2568
419 1315
420 617
420 975
420 2590
421 1673
421 1880
421 3083
422 1743
422 2364
422 2617
423 577
423 2361
423 2967
424 481
424 601
424 1022
425 2370
425 2816
426 2314
427 2419
428 2821
429 571
429 862
429 1489
429 1717
429 2909
430 2957
430 2975
431 904
431 942
431 2690
432 815
433 1194
433 2488
434 974
434 2937
435 520
435 1316
435 1630
436 938
437 3166
438 2944
439 955
439 3023
440 1576
442 665
442 2221
442 2755
443 629
443 3111
444 2543
445 1613
445 1784
445 1899
446 1308
446 2636
447 677
448 971
448 2382
448 2661
449 959
449 1391
449 1464
449 1960
450 1597
451 686
451 802
452 2991
453 1129
453 1214
453 1258
453 1415
453 2257
454 2356
455 1423
455 2265
455 2890
456 1878
456 2872
457 1125
457 1660
457 1748
458 2748
459 745
459 1335
460 2809
461 2358
462 2639
463 2456
464 1310
464 2839
465 2023
466 945
466 1820
467 1427
467 2539
467 3108
468 715
468 1174
469 903
469 3114
470 2185
470 3037
471 1245
471 1437
471 1652
471 2123
472 1072
472 1165
472 2339
473 2602
474 2746
475 479
475 1788
475 2472
476 1860
477 1993
477 2779
478 575
479 559
479 1545
479 2941
479 3135
480 2322
480 2586
480 3049
482 1009
482 1490
482 2457
482 3173
483 1967
483 2694
483 2996
484 2904
485 1710
486 808
486 1417
486 1946
487 2219
487 3049
488 1831
488 1979
489 526
489 1375
490 695
490 1243
490 2347
490 2392
490 2610
490 2675
491 610
492 917
493 1965
493 2654
493 2830
494 1170
494 1983
496 2256
497 515
497 739
497 3175
498 1232
499 3075
500 3120
501 1128
501 2205
502 2199
502 2894
503 2204
503 2255
504 1675
504 2040
505 590
505 1473
506 1316
506 1570
506 1640
507 1562
507 2183
507 2896
507 2934
508 1464
509 707
509 1947
509 2335
510 1866
510 2751
510 3165
511 1720
512 548
512 2812
513 2297
514 614
514 2620
516 987
516 1809
517 631
517 1645
517 2653
518 3165
519 1250
519 2533
520 1373
521 2616
521 3103
522 2317
523 3056
524 2784
524 3144
525 1096
525 2158
526 989
526 1775
527 1224
527 1859
528 2030
528 2193
529 1347
529 1631
529 2772
530 914
530 2154
531 634
531 1307
531 1625
531 2581
531 2947
533 1159
533 3157
534 1093
535 1135
535 2710
536 885
536 1917
537 1108
537 1669
537 1765
538 672
538 1795
538 2936
539 1498
540 681
540 1251
540 1359
540 3001
541 940
541 942
541 2008
541 2711
542 1531
542 2061
542 2178
542 2820
543 1003
543 2134
544 814
545 1435
545 1601
546 1910
547 2895
548 985
548 1640
548 2017
549 2303
550 847
550 1500
550 2293
551 1078
552 1896
553 686
553 2049
553 2142
554 708
554 2429
555 2590
556 700
556 2353
556 2368
557 1471
558 1650
559 1116
559 1204
559 2079
560 658
561 1122
562 1691
562 2609
563 2902
563 3024
565 1226
565 2519
566 1448
566 2601
567 2423
568 1599
569 2869
569 3052
569 3106
570 1893
571 2347
571 2483
572 2680
573 1139
574 2067
575 1086
575 3108
576 2634
577 757
577 3061
578 1237
579 2121
580 967
580 2173
580 2609
580 2618
580 2875
581 688
581 2119
581 2226
582 1492
583 1012
584 995
585 3074
585 3146
586 1735
586 3121
587 708
587 1918
588 871
588 873
588 2135
588 2439
588 2460
589 682
590 1071
590 1549
591 2495
591 2647
591 3063
592 2829
593 913
593 2496
594 1268
595 877
595 1619
596 716
596 1009
596 1978
596 2843
597 1822
597 2113
597 2158
597 2351
598 1555
599 1587
599 1940
599 2005
601 1034
601 2705
602 1732
603 1357
604 622
604 652
604 973
605 693
605 1371
605 1695
605 2466
606 1665
606 2016
607 716
607 1225
607 1317
607 2841
607 2883
608 1679
608 2677
609 747
609 1851
609 2039
610 1126
610 1476
611 1013
611 1970
611 2856
611 3100
612 2149
612 2249
612 2535
612 2722
612 2775
612 3194
613 1162
614 1412
615 881
615 2706
616 1328
617 1808
619 1509
619 1570
619 2496
620 3023
621 1405
622 2218
623 2382
623 2527
623 3104
623 3130
624 1078
624 1806
624 2536
624 2911
625 1235
626 751
626 2761
627 1040
628 1431
628 2472
628 2884
630 2635
631 2153
631 2956
632 1792
632 1872
633 1564
633 1742
634 1659
634 2249
634 2830
635 1141
635 1213
636 1318
637 986
637 1019
637 1512
637 2127
638 2041
639 791
639 2659
640 826
640 1050
641 848
641 1363
641 1821
641 2821
642 2945
643 1177
643 2277
644 1249
644 2273
644 2510
645 940
645 1666
646 733
647 1182
647 1476
648 2530
648 2871
649 696
649 760
649 1139
649 1967
650 2740
651 2848
651 3002
651 3045
652 2692
653 3116
654 1051
654 1309
655 937
655 2839
656 829
656 2406
656 2828
657 1436
657 1875
658 930
658 1934
658 2917
659 2771
660 957
660 1659
661 2785
662 1280
662 2259
663 834
663 2246
664 813
664 2099
664 2440
664 2791
665 762
666 1017
666 1215
667 764
667 1229
667 1432
667 1646
668 1637
669 1567
669 2945
669 3036
670 903
670 1318
670 2861
671 2216
671 2915
672 1756
672 2612
672 3030
673 2476
673 2486
673 2500
673 2529
673 2557
674 876
674 1205
674 1349
675 918
675 3116
676 1833
676 3035
677 756
677 1649
677 2001
678 2929
679 1891
679 2272
679 3098
680 1205
680 1994
680 2064
680 3139
681 1321
681 2023
682 1848
683 2131
683 2874
683 3085
684 985
684 3068
685 1087
685 3110
687 1601
687 3116
688 2823
689 1637
690 825
690 1123
691 1555
691 2134
691 2978
692 2686
693 2041
693 2536
693 2565
694 1045
694 1541
696 801
696 1616
696 1881
697 2275
698 1563
698 1913
698 2286
699 1381
699 3012
700 1231
700 1497
700 1995
700 2857
700 3138
701 2666
702 802
702 944
702 2715
703 2771
703 2980
704 1043
704 2228
705 2599
705 3127
707 1526
707 2855
708 3172
709 1491
710 1082
711 1800
711 3033
712 2374
713 1522
713 2622
714 1239
714 1762
715 1721
715 2709
715 2769
716 2400
717 835
717 2464
718 2287
718 3004
719 1032
719 2473
719 2721
720 1048
720 1277
720 1939
721 2607
721 2756
722 981
722 1774
723 1811
723 3069
724 1494
725 2927
726 2969
727 1878
727 1932
728 820
728 1493
729 2017
729 3169
730 1899
730 2296
731 1159
731 2505
732 1578
733 1661
733 1679
734 1874
734 2822
735 2222
736 2776
736 3042
737 1368
737 1674
737 2372
737 2948
737 2972
738 1949
738 2787
738 2935
740 993
741 1087
741 2319
742 763
742 1154
742 1333
742 2300
743 823
743 1979
743 2065
744 2521
745 1711
745 2302
745 3005
746 1588
746 1629
746 1877
746 2531
747 1572
748 872
748 1960
749 897
749 1417
750 2258
751 802
751 1174
751 3136
752 1943
753 1509
753 2692
754 2694
755 1532
755 2863
755 3167
756 1564
756 1587
756 2706
757 858
757 1791
757 2299
757 2424
757 3112
759 1538
760 1648
760 2198
760 3044
761 836
761 1687
763 2941
764 1237
764 2898
765 2300
765 2589
765 2842
765 2896
766 804
766 1683
767 1843
767 2484
768 1501
768 2352
768 2813
769 2146
770 827
770 1819
770 2163
770 2318
771 1558
772 1755
773 2172
773 2371
773 2866
774 979
775 2750
776 812
776 1646
776 2807
777 801
777 1010
777 1333
778 2662
779 1329
779 2130
779 2573
779 2984
781 1452
781 1816
781 2115
781 2398
781 3046
782 2288
782 2490
783 1610
783 2860
784 1343
784 1839
784 2222
784 2451
785 1847
786 1759
787 891
788 1239
788 1416
788 1961
789 814
790 1427
790 1537
790 1693
790 2353
791 1911
791 2522
792 832
792 1307
792 1634
792 2658
793 856
793 1113
793 2640
794 1740
795 2363
796 1871
796 2132
796 2514
797 1158
797 2312
798 1481
798 2946
799 1441
799 1485
799 1688
799 1997
799 2398
800 1721
800 2571
802 1071
802 2242
802 2914
803 2222
803 2718
804 2574
804 2957
805 2562
805 2916
806 2753
807 2238
809 1385
809 2749
809 3035
810 2922
811 1020
812 2928
813 2918
814 2543
814 2718
814 3169
815 2487
815 2744
815 3096
816 967
816 1103
816 1660
817 877
817 2974
818 996
818 1422
818 2075
820 1664
820 3033
821 1175
821 3028
821 3179
822 1341
822 1652
822 2648
824 829
825 1038
826 1712
827 1722
827 2268
829 2264
829 2764
830 843
830 1133
831 1508
831 2401
831 2997
832 1602
832 1813
833 901
833 2598
834 2004
837 1933
837 2094
837 2159
838 2104
838 2726
839 2765
841 2004
841 2707
842 2318
843 3011
844 851
844 1340
844 1731
845 1769
845 2291
846 2626
846 3011
846 3037
847 1862
848 2088
849 961
849 2065
849 3052
850 864
850 1622
851 2224
851 2522
852 1798
852 2680
852 3006
853 1735
853 2233
854 1625
854 2371
854 2530
855 1658
856 1903
856 2029
857 2265
858 1595
859 1336
859 1424
859 1782
860 1385
860 1727
860 2060
861 3086
862 2138
863 1505
863 1578
863 2080
863 2520
864 975
864 1097
864 1650
864 3129
865 1031
865 1594
865 2325
866 1567
866 1900
866 3187
867 970
867 1072
867 1586
867 2915
868 1179
869 2405
870 1010
870 1439
870 1451
870 1991
872 3171
874 1657
874 2144
874 2335
875 1658
875 2921
877 1094
877 2645
878 1569
879 1895
880 2998
881 2136
881 2482
881 2718
882 2009
883 1333
883 2362
883 2932
884 1207
884 2036
884 2754
885 2349
886 1244
886 1419
886 1727
886 3182
887 1069
887 1474
887 3117
888 3142
889 1861
889 2317
889 2549
890 1673
890 2238
890 2958
891 1301
891 1788
891 2489
892 2314
892 2427
893 1245
893 2177
893 2251
893 3047
894 1119
894 2966
895 1157
896 1798
896 1946
896 2798
898 2103
898 2556
898 2827
899 1540
899 1954
899 2811
901 1522
901 3017
902 1006
902 1898
903 1893
903 2748
904 1514
905 2830
905 2927
906 1956
906 2587
906 2961
907 1557
907 1902
907 2223
908 3093
909 1044
909 1272
909 1730
909 1858
909 2324
909 2501
910 1041
910 1451
910 2140
911 1618
911 2458
912 1014
913 1475
913 2112
914 2355
914 3025
915 1935
916 1017
916 1200
917 2952
918 919
918 1435
918 2568
918 2717
919 1766
919 2350
919 2499
920 1467
920 1768
920 2032
921 2777
921 3148
922 1345
922 3018
923 1425
924 2593
925 1545
926 1027
926 2208
926 2623
927 1970
928 1591
928 1885
928 2108
928 2903
929 1497
929 1730
930 2955
931 1379
932 1655
933 3032
933 3147
934 1991
935 1106
935 1785
935 2105
935 2130
936 2320
936 2716
937 2475
938 1313
938 1319
938 1669
939 1771
940 1359
941 2335
942 2164
942 2658
943 2303
945 1301
945 2511
946 1671
946 2626
947 2288
947 2558
948 1119
949 2432
949 2682
950 1092
950 1114
950 2097
951 1535
951 2534
951 3145
952 2790
952 2910
953 2698
954 2065
954 2227
954 2323
955 1214
955 2049
955 2233
956 2912
957 1275
957 1288
957 1602
957 2844
959 1948
959 3079
960 1646
960 1908
961 1294
961 2471
962 1741
963 1617
964 1624
964 2289
964 2582
964 2677
965 1301
966 2121
966 2515
966 2688
967 1907
967 2672
968 1134
968 3097
968 3179
969 1397
969 1730
969 2130
971 1472
972 2022
972 3194
973 1356
973 1419
973 2902
975 3149
976 1014
977 2767
978 2747
979 1557
980 1702
981 1714
982 2499
982 2644
984 2396
984 2803
985 1875
985 2328
986 1470
987 2480
988 1122
988 1402
989 3083
990 1662
991 1696
991 1864
992 1340
992 1999
993 1694
993 2501
993 2643
993 2710
994 1000
994 2982
995 1530
995 1572
995 2232
995 2950
996 1120
996 1526
996 2679
996 2768
996 3184
997 1443
998 1080
998 2383
998 2976
999 1349
999 2197
1000 1730
1001 1396
1001 2674
1002 1946
1003 1112
1004 1616
1004 2877
1005 2491
1006 2581
1006 2719
1007 2241
1008 2438
1009 2748
1011 2917
1011 2937
1012 2386
1013 2142
1015 1244
1015 1989
1016 2824
1017 2743
1018 2691
1019 1926
1019 2230
1019 2339
1019 2517
1020 1782
1021 2653
1021 2832
1024 2158
1024 2223
1025 1588
1027 1209
1027 1644
1027 1955
1027 2734
1028 2047
1029 2759
1029 3111
1030 2945
1031 1584
1031 3043
1032 1413
1032 2872
1033 1589
1033 2124
1033 3107
1034 2011
1035 2003
1035 2618
1035 3102
1036 1479
1036 1987
1036 2435
1037 2088
1039 1186
1039 3051
1040 1960
1041 1988
1041 2791
1042 2966
1043 1255
1043 1742
1044 2061
1044 3042
1045 1940
1046 1827
1046 2630
1047 1629
1048 1296
1048 1385
1048 1544
1048 2210
1048 2930
1049 2909
1050 1472
1050 1754
1050 2345
1051 3060
1052 1191
1052 1896
1053 1607
1053 2407
1054 1611
1054 2384
1055 1759
1055 1914
1055 2134
1056 2426
1056 2981
1057 1419
1057 3163
1058 1685
1058 1812
1059 1638
1060 1306
1060 1621
1060 2784
1061 2763
1062 3182
1063 2264
1064 1697
1065 1251
1067 2040
1068 2964
1068 3085
1069 2610
1070 1379
1070 2045
1070 2262
1071 1164
1072 1954
1073 1674
1073 2195
1073 2922
1074 1277
1074 2924
1075 1169
1075 1175
1075 1872
1075 2849
1077 1489
1078 1415
1078 1848
1079 2687
1080 1259
1081 1163
1081 1935
1081 2517
1081 2674
1082 1751
1082 3062
1083 1503
1083 2158
1084 1131
1084 1491
1084 3128
1085 3193
1087 2217
1087 2682
1088 1336
1088 1813
1089 1367
1089 2446
1091 1920
1091 2363
1092 1208
1093 1150
1094 1641
1094 2405
1095 1819
1095 2649
1096 3070
1098 2005
1098 3195
1099 2079
1099 2134
1099 2835
1100 1584
1100 2865
1100 2879
1100 2972
1101 1744
1101 1949
1101 1989
1101 2145
1102 2246
1102 2657
1104 1792
1105 2279
1105 2546
1106 1763
1106 2488
1107 2010
1109 2957
1111 1426
1111 2806
1112 2501
1112 2746
1112 2882
1113 2276
1114 2721
1115 1559
1115 1755
1115 1891
1115 2239
1115 2890
1117 1419
1118 1319
1118 2115
1118 2687
1118 2800
1120 2196
1120 2211
1120 3025
1121 1357
1121 3101
1122 1357
1124 1129
1124 2337
1124 2934
1125 1820
1125 2787
1126 1652
1127 2398
1128 1419
1128 1753
1130 1755
1130 3020
1131 1516
1131 2647
1132 1498
1132 2794
1133 1585
1133 2151
1135 1581
1136 1431
1136 1709
1136 1910
1137 2458
1137 3121
1138 3108
1139 2845
1140 1512
1140 1845
1142 1218
1142 1224
1142 1957
1144 3084
1145 1923
1145 2077
1145 2887
1146 1416
1146 1614
1146 1909
1146 2577
1146 2700
1147 2506
1148 1885
1148 1995
1149 1197
1149 2403
1150 3118
1151 1575
1151 1639
1152 2004
1152 2278
1153 2099
1153 2514
1154 1301
1155 1455
1155 2186
1156 1617
1156 1961
1156 2212
1157 1783
1157 2463
1157 2778
1158 1742
1159 1517
1159 1564
1160 1230
1160 1572
1160 1678
1160 2034
1161 1788
1161 1950
1162 2332
1162 2870
1162 3151
1163 1332
1163 2495
1164 2156
1166 1658
1166 2541
1167 1185
1167 1429
1167 1890
1167 2070
1167 2818
1168 2173
1169 1623
1170 2330
1170 2618
1171 1276
1172 1410
1173 2050
1174 1866
1174 3028
1175 2720
1175 3185
1176 1593
1176 1906
1177 2601
1178 1605
1180 1701
1180 1725
1180 2392
1181 1983
1181 2211
1182 1789
1182 1974
1183 2663
1184 2089
1184 2299
1185 2814
1186 1644
1186 1678
1187 2171
1188 2868
1189 2156
1189 2298
1190 2084
1190 2889
1192 1621
1192 2827
1193 1854
1195 1904
1196 1896
1196 2663
1197 2711
1198 1830
1198 2006
1199 1419
1200 3059
1201 1955
1201 2169
1202 2565
1202 2906
1203 2198
1204 2597
1205 1880
1205 2433
1206 1222
1206 1393
1206 1477
1206 2221
1208 2940
1209 2192
1210 1528
1210 1940
1210 2485
1211 1912
1211 2690
1211 3121
1212 1365
1212 2293
1212 2362
1212 3083
1212 3127
1213 2271
1214 1655
1215 2115
1216 1251
1216 2842
1216 3096
1217 2226
1219 1573
1220 1236
1220 2104
1221 1604
1221 2389
1221 3021
1223 1355
1223 2109
1223 2301
1224 2585
1225 1254
1225 2573
1225 3090
1226 1323
1226 1566
1227 1818
1228 2262
1228 2324
1230 1392
1231 2308
1232 2904
1233 2837
1233 2912
1233 3181
1234 2587
1235 1484
1236 2296
1236 2819
1237 1288
1238 1496
1238 1776
1238 2833
1238 2971
1239 1579
1240 1291
1240 1548
1240 2751
1241 1631
1242 1554
1243 3064
1245 2179
1246 2521
1246 2810
1247 1654
1247 2839
1248 2902
1249 2369
1250 1895
1250 2587
1251 1463
1251 1837
1251 2000
1253 1298
1253 1504
1253 2243
1253 3012
1255 1322
1257 1776
1257 2523
1257 2762
1261 1403
1261 1744
1261 2279
1262 1265
1262 2966
1263 2264
1263 2306
1263 2627
1263 3080
1264 1431
1264 2598
1265 1557
1265 2083
1266 2560
1268 1699
1268 2051
1269 1330
1269 1437
1269 1836
1269 2359
1270 2572
1271 2109
1272 3084
1273 2882
1274 2716
1275 2456
1276 1777
1276 2928
1277 3096
1278 2213
1279 2700
1280 1914
1282 2457
1282 3141
1283 1329
1283 1355
1283 1804
1284 1611
1284 2336
1285 1396
1285 1517
1285 1650
1286 1706
1287 2912
1287 3008
1289 2072
1290 1842
1290 2111
1291 2437
1292 1437
1292 1552
1292 2363
1293 2303
1293 2930
1293 3067
1294 2633
1296 2175
1296 2342
1297 2522
1297 3070
1298 2520
1298 3023
1299 1716
1300 3131
1301 1348
1301 2577
1301 2608
1302 3043
1303 1845
1303 2740
1304 1726
1304 1965
1306 2678
1309 2186
1309 2428
1309 2516
1310 1502
1311 2420
1312 1646
1314 1565
1315 2606
1316 1480
1316 1684
1316 2345
1316 3184
1317 2870
1320 1383
1320 1714
1320 2114
1320 2499
1320 2570
1322 2237
1324 2235
1324 3113
1324 3122
1325 1580
1325 1781
1325 1996
1325 2045
1325 3169
1326 2006
1326 3166
1327 2342
1328 1718
1328 1944
1331 1335
1331 2563
1332 2264
1332 2274
1332 2380
1334 1444
1335 2794
1336 3072
1337 1343
1337 3190
1338 1390
1338 2199
1339 1476
1339 2615
1340 2377
1341 1701
1342 2425
1343 2332
1343 2629
1344 1413
1345 1362
1345 1506
1345 1924
1345 2287
1345 2903
1346 2494
1347 1605
1348 2765
1349 2144
1349 2520
1350 1857
1351 1879
1351 2085
1351 2458
1352 1392
1352 1704
1352 2576
1352 2741
1353 2933
1354 1699
1354 1955
1355 2365
1355 2408
1356 2998
1358 2339
1358 3085
1359 3086
1360 1503
1360 2501
1361 1837
1361 3037
1362 1561
1362 3184
1363 2120
1364 2111
1365 1514
1366 1542
1368 2589
1369 2082
1369 2803
1370 1636
1370 3074
1371 1489
1371 1588
1371 2387
1372 1449
1372 2454
1373 1698
1374 2087
1374 2583
1374 2832
1375 2250
1375 2287
1376 2117
1377 2476
1377 2586
1378 2911
1379 1447
1379 1639
1379 1679
1379 2461
1380 1447
1381 2530
1382 2765
1382 2885
1383 2164
1383 3153
1384 1685
1385 1800
1386 2286
1387 2039
1387 2423
1387 2782
1388 2598
1389 1671
1392 1834
1392 3142
1395 1931
1398 2046
1398 2679
1399 1945
1399 2102
1400 1601
1400 1934
1400 2294
1401 2631
1403 1600
1403 1976
1404 2007
1405 2667
1405 3000
1406 1486
1406 2579
1408 2165
1409 2021
1410 1703
1410 1761
1410 2878
1410 3035
1411 2758
1412 2313
1414 1457
1414 2677
1415 2266
1415 3161
1416 2727
1417 2509
1418 2763
1419 1976
1419 2113
1420 1864
1421 1473
1423 1657
1423 2663
1425 2817
1426 2068
1426 2234
1426 2667
1427 2737
1428 3098
1430 1583
1431 2191
1433 2923
1434 1723
1434 2303
1434 2964
1435 1702
1436 2216
1437 1677
1438 2958
1439 1464
1439 2758
1440 2961
1440 3040
1442 2611
1444 1451
1445 1748
1445 1850
1446 1635
1447 1524
1447 2225
1448 1487
1449 2350
1449 2988
1449 3126
1450 1681
1450 1777
1450 2153
1451 1639
1451 2021
1451 2384
1452 1609
1455 2544
1456 2480
1457 1540
1458 1609
1458 2351
1458 2867
1458 2884
1459 1533
1460 3180
1461 1849
1461 3150
1464 1936
1464 2089
1465 3153
1466 2676
1467 1754
1467 1985
1468 2312
1470 1817
1470 2233
1470 2805
1471 2279
1471 2504
1472 3158
1475 2299
1476 1982
1477 2572
1478 2343
1479 2613
1480 2717
1481 2894
1482 2041
1482 2349
1483 2700
1484 2870
1485 1741
1485 2128
1486 2189
1486 2808
1487 2708
1488 2358
1490 1521
1491 2896
1491 2897
1492 1849
1492 2281
1492 2703
1493 2485
1493 2784
1494 1963
1494 2618
1494 2789
1495 1615
1498 2666
1499 1998
1499 2337
1499 2451
1500 2324
1501 2956
1504 2483
1504 2584
1505 1870
1505 2100
1506 1840
1507 1781
1509 1564
1510 2639
1511 2931
1512 1606
1512 2509
1513 1568
1513 2844
1514 2225
1515 2451
1516 1944
1518 1911
1519 1596
1519 2835
1520 3068
1521 1822
1523 3034
1524 1933
1524 2056
1524 2786
1526 1642
1526 2621
1526 3042
1530 2735
1531 1889
1533 2485
1535 2938
1536 2704
1537 3119
1538 2327
1538 2965
1539 1627
1540 1734
1540 2629
1542 2409
1542 3027
1544 2467
1544 2707
1545 2291
1546 2569
1546 2890
1547 2913
1551 2109
1552 1740
1553 1798
1553 2450
1553 2517
1554 2282
1554 2982
1554 3083
1556 2069
1556 2805
1558 1805
1558 2270
1558 2801
1558 2941
1559 2082
1559 2389
1559 2692
1561 2052
1561 2398
1561 3002
1562 3091
1563 2362
1564 1663
1564 2395
1565 2571
1566 1897
1567 3107
1568 1665
1569 1910
1569 2356
1569 3032
1570 2247
1570 2415
1570 3009
1572 2112
1573 2744
1574 2922
1574 3017
1575 3090
1576 2906
1577 2184
1577 2187
1577 2448
1577 2704
1577 3192
1579 2400
1579 2655
1581 2827
1582 2334
1582 2522
1585 1875
1588 1690
1589 1905
1590 3081
1592 2418
1593 1718
1593 1737
1594 2549
1594 2917
1594 2967
1595 2304
1595 2972
1596 3178
1597 2332
1598 3007
1600 2895
1603 2173
1605 2442
1606 2214
1607 2163
1607 3163
1608 2529
1610 2315
1611 2135
1611 2953
1613 1836
1614 1755
1614 2096
1614 2372
1617 1949
1618 2702
1621 2571
1621 3065
1625 2039
1626 3151
1627 2368
1627 2976
1628 2716
1630 2793
1631 2237
1631 2917
1632 2999
1633 2421
1635 2417
1636 2083
1637 1734
1638 1739
1638 2637
1639 1940
1640 2004
1641 2109
1642 1797
1643 2600
1644 1997
1644 2371
1651 2093
1651 2416
1653 1689
1654 2937
1656 2135
1656 3022
1657 2978
1660 1796
1661 2035
1661 2791
1661 3180
1664 2623
1664 2733
1665 2015
1667 2594
1667 2792
1667 2959
1668 2385
1670 2978
1671 2672
1672 2443
1672 2971
1672 3151
1675 2212
1676 2449
1679 2555
1680 2275
1681 2939
1683 2638
1686 2301
1688 1745
1688 2275
1688 2316
1688 2622
1688 3120
1689 2837
1690 3152
1691 2500
1691 2769
1692 2408
1697 2224
1697 2396
1698 2237
1699 2035
1699 2839
1700 2358
1702 2293
1703 1852
1703 2336
1704 3088
1705 2167
1706 3190
1707 1800
1708 2115
1708 2413
1709 1994
1709 2183
1710 1917
1711 2528
1711 2553
1711 2587
1713 2255
1713 2389
1714 2013
1714 2930
1715 1735
1716 1875
1717 2193
1718 3026
1719 1836
1719 2039
1719 2579
1720 2867
1721 2375
1723 1751
1723 2553
1724 3017
1727 2356
1727 2517
1729 3143
1730 2587
1732 2595
1733 2301
1733 2813
1735 2075
1736 3065
1737 1853
1737 2187
1738 2016
1738 2133
1743 1863
1743 2712
1744 1908
1744 2591
1745 1953
1745 3085
1746 2206
1746 2308
1746 2575
1747 1860
1747 2870
1749 2476
1749 2551
1750 2543
1751 2507
1751 2620
1753 2055
1753 2205
1753 2522
1753 2801
1753 3192
1756 3143
1758 2121
1759 2687
1760 1907
1760 2049
1761 2062
1762 2267
1762 3016
1763 2820
1763 2863
1764 2916
1765 3005
1765 3162
1767 2067
1767 2225
1767 3188
1768 2057
1768 2790
1769 2708
1770 2020
1772 3088
1773 2630
1774 2425
1775 2878
1777 2929
1778 2618
1779 2913
1780 2430
1780 3021
1782 1823
1783 2279
1783 2876
1785 2307
1785 3057
1786 2389
1787 1844
1787 2056
1787 2220
1788 3074
1790 2226
1790 2624
1790 2748
1790 3052
1791 2530
1791 2959
1791 3001
1793 2579
1794 2561
1795 2281
1796 2747
1799 2860
1800 2954
1801 1961
1801 2973
1803 2197
1803 2788
1805 2408
1806 2309
1807 3115
1808 2076
1809 2479
1809 2587
1809 2809
1809 2895
1809 3171
1810 2029
1810 2880
1811 2864
1811 2981
1812 2301
1813 2100
1813 2139
1814 3018
1815 2675
1815 2695
1815 2970
1816 2377
1817 2595
1818 2518
1819 3158
1820 2930
1821 2766
1822 2663
1822 2912
1825 2083
1827 2209
1828 1931
1828 2602
1829 2104
1829 2408
1830 2153
1831 2019
1831 2681
1832 2917
1833 1888
1835 1988
1835 2359
1835 2455
1835 2467
1836 2418
1838 2579
1841 2130
1841 2166
1841 3197
1842 2201
1842 2646
1844 3071
1846 2234
1846 2635
1847 2170
1847 2797
1848 2902
1848 3002
1849 2106
1849 2958
1850 2037
1853 2272
1853 2854
1855 1965
1855 2744
1856 1866
1856 2525
1858 2547
1859 2786
1860 3178
1861 2618
1861 2777
1862 1876
1862 3097
1864 2146
1864 2670
1865 2751
1866 2023
1867 2410
1869 2446
1870 3132
1872 2968
1873 2698
1876 1942
1876 2582
1876 3081
1877 2193
1878 2473
1879 2282
1881 1921
1881 2181
1881 2513
1881 2598
1881 2880
1882 2503
1884 2860
1885 3077
1887 2749
1888 2298
1890 2543
1891 2824
1892 3117
1894 1914
1894 2045
1894 2115
1895 2714
1896 2561
1897 2840
1898 2008
1898 2414
1899 2820
1901 1996
1901 3020
1903 3149
1904 1913
1904 2683
1906 3129
1910 3184
1912 1965
1912 2156
1913 2909
1915 3155
1916 2344
1917 2459
1919 2148
1919 2698
1919 2730
1922 3089
1924 2118
1924 3067
1925 2316
1925 2725
1926 3184
1928 2963
1929 2975
1929 3183
1930 2113
1936 2663
1937 3050
1938 2185
1940 2754
1941 2437
1941 2549
1944 1959
1944 2862
1945 2931
1948 2047
1948 2320
1950 2400
1951 2121
1951 2176
1951 3028
1952 2673
1955 2147
1955 2778
1955 3196
1957 3170
1958 2213
1958 2269
1962 2777
1963 2034
1964 2727
1965 2402
1965 2685
1965 3020
1966 2004
1968 2518
1968 3143
1969 2436
1971 2784
1972 2138
1973 2184
1973 2523
1974 2037
1977 2532
1977 2595
1977 2744
1977 3172
1979 2040
1984 2911
1986 2056
1987 2114
1987 2509
1987 2709
1988 2695
1990 2156
1990 2684
1991 2107
1992 2708
1992 2859
1992 2878
1993 2634
1995 2669
1995 2706
1998 2431
1998 3193
2000 2523
2002 2745
2002 2855
2003 2768
2007 2020
2009 2764
2011 2263
2012 2789
2012 2798
2013 2152
2016 2723
2016 2825
2018 2395
2020 2619
2020 3079
2022 2653
2023 2452
2024 2968
2025 2884
2026 3071
2027 2710
2027 2956
2028 2286
2029 2367
2033 3081
2034 2350
2035 3092
2038 3015
2038 3187
2040 3076
2042 2245
2042 2838
2043 2866
2044 2069
2045 2564
2046 2974
2047 2227
2047 2852
2048 2124
2050 2644
2051 2596
2052 2105
2052 2745
2053 2783
2054 2248
2054 2926
2054 2990
2055 2469
2055 2831
2058 2194
2058 2896
2059 2798
2063 2281
2063 3175
2069 2843
2073 3048
2074 2773
2076 2421
2076 3039
2077 3096
2078 2372
2078 3078
2079 2164
2079 2189
2079 2260
2079 2480
2080 2892
2082 2411
2083 2864
2085 2272
2086 2756
2087 2842
2087 3197
2090 2540
2090 2626
2091 2827
2092 2303
2092 2888
2094 2429
2095 2808
2096 2197
2097 2133
2097 2473
2098 2234
2098 2846
2100 2277
2100 2325
2102 2413
2102 2740
2103 2146
2104 2782
2106 2209
2107 2598
2108 2328
2109 3018
2110 2733
2112 2521
2114 2609
2115 2774
2116 2214
2117 2293
2117 2573
2118 2151
2118 2735
2119 2528
2120 2372
2120 3123
2122 2605
2122 2690
2123 2700
2123 2807
2123 2834
2125 2588
2126 2814
2127 2421
2129 2807
2132 2987
2133 2165
2133 2656
2133 2829
2134 2481
2135 3077
2135 3159
2138 2190
2138 2322
2139 3084
2141 2252
2143 3104
2144 2398
2146 3143
2148 2588
2149 2193
2150 2881
2153 2361
2154 2767
2155 2310
2155 2499
2157 2604
2160 2265
2160 2927
2161 2423
2161 2626
2162 2376
2162 2711
2162 2786
2164 2503
2165 2207
2165 2543
2166 2561
2167 2825
2168 3039
2169 2452
2170 2752
2171 2229
2172 2370
2174 2542
2174 2873
2174 3112
2175 2235
2177 2203
2178 2402
2178 2717
2178 3001
2179 2228
2180 3058
2180 3059
2181 3157
2182 3056
2182 3106
2183 2284
2183 2519
2183 2525
2183 2946
2186 2960
2186 3086
2187 2868
2189 2524
2190 2657
2190 3028
2193 2621
2194 2484
2200 2478
2200 3087
2202 2602
2203 3009
2204 2491
2205 2436
2205 2999
2211 2277
2214 2818
2215 2596
2216 2308
2217 2502
2218 2311
2219 2316
2219 2426
2224 2697
2225 2985
2225 3113
2226 2611
2229 2664
2238 2766
2238 2817
2240 2375
2244 2655
2245 2452
2248 3043
2249 2812
2249 2883
2252 2690
2253 3178
2254 2524
2255 2261
2256 2661
2256 3164
2261 2355
2261 2437
2261 2603
2264 3101
2267 2610
2269 2421
2271 2422
2274 2543
2278 2831
2279 2795
2279 3054
2280 2631
2282 2465
2282 2638
2283 2324
2284 2680
2284 2975
2285 2817
2288 2330
2289 2400
2290 2810
2292 2388
2292 2593
2292 2726
2294 2929
2295 2380
2296 2539
2297 2985
2298 2461
2304 2326
2304 2839
2305 3094
2305 3104
2306 2468
2306 2696
2306 2728
2306 2936
2307 2872
2307 3140
2313 3116
2315 2804
2316 3173
2318 3192
2319 2762
2320 3093
2321 2455
2323 2641
2325 2537
2326 2696
2328 2639
2328 3006
2329 3182
2331 2850
2332 3144
2333 3032
2336 2802
2340 2866
2340 3094
2341 3121
2342 3143
2343 2532
2345 3075
2346 3084
2348 3055
2349 2704
2351 2846
2352 2421
2354 2389
2354 2462
2354 3166
2358 2881
2359 2553
2360 2998
2361 2911
2362 2994
2363 2899
2365 2453
2365 2642
2366 2739
2372 2781
2373 2474
2374 2796
2374 2803
2375 2970
2379 2501
2380 2566
2382 2451
2382 2730
2382 2755
2385 3152
2386 2935
2388 2876
2391 2866
2393 2633
2393 2909
2394 2414
2399 2896
2402 2763
2402 3041
2402 3043
2403 2876
2404 2808
2405 2708
2408 2547
2410 2607
2412 3102
2412 3168
2413 2529
2414 2979
2419 2511
2420 2796
2421 2491
2421 2619
2421 2795
2425 2925
2426 3027
2426 3089
2431 2858
2432 2764
2433 3080
2434 2950
2439 2995
2441 2598
2441 3014
2443 2608
2444 2594
2449 3105
2450 2578
2450 3197
2451 3132
2459 2904
2459 2947
2469 2602
2470 2582
2472 2507
2474 2544
2477 3134
2478 3005
2479 3016
2483 2568
2485 3186
2486 2908
2488 2653
2492 2933
2492 3139
2497 2531
2501 2739
2506 2521
2508 2884
2509 2545
2512 3189
2513 3166
2515 2623
2515 2713
2522 3042
2523 2718
2524 2944
2526 2898
2530 2887
2534 3010
2535 2785
2538 2622
2539 3012
2544 2547
2548 2775
2550 3170
2554 3109
2555 3174
2556 2993
2558 2919
2559 3080
2562 2752
2564 3057
2567 2829
2568 2696
2569 2964
2573 2836
2574 2773
2575 3187
2578 2868
2580 2584
2583 3095
2589 2897
2591 3081
2592 3061
2592 3071
2593 2701
2598 2759
2600 3094
2604 2894
2605 2637
2608 2628
2608 3173
2610 2787
2611 2881
2619 3013
2624 3031
2628 2632
2628 3053
2636 3089
2638 2847
2640 2694
2643 2949
2643 2966
2646 2708
2647 2911
2650 2896
2651 3137
2652 2697
2654 2863
2655 3051
2656 2925
2665 2686
2666 3129
2668 2674
2668 2752
2669 2973
2671 2725
2673 2713
2677 2889
2678 3077
2681 2905
2686 3154
2691 3132
2698 3144
2699 2945
2703 2780
2703 2921
2703 3004
2704 2975
2706 2983
2708 2893
2710 2989
2711 2822
2711 2988
2712 2992
2722 3088
2723 2900
2731 2982
2734 3069
2738 2889
2739 3161
2747 2789
2747 3177
2751 2900
2753 2949
2755 2814
2758 2762
2761 3003
2761 3034
2771 3174
2772 2880
2773 3088
2781 2948
2783 3099
2787 3130
2790 3126
2791 2950
2799 2970
2801 2993
2802 3116
2804 3180
2813 2878
2813 3019
2814 3182
2815 2985
2819 3073
2823 3111
2826 3026
2831 3147
2843 3066
2845 3029
2853 2996
2856 2960
2861 2995
2868 2948
2870 2904
2870 2936
2871 2991
2880 2984
2881 2942
2891 2972
2894 3040
2895 3160
2896 3048
2920 3105
2924 3173
2933 2943
2941 3191
2944 3128
2951 3140
2952 3010
2954 3089
2961 3125
2962 3017
2963 3179
2965 3006
2979 3114
2987 2997
3001 3048
3006 3124
3029 3055
3031 3044
3033 3128
3038 3132
3041 3155
3080 3156
3090 3167
3133 3135
3137 3170
3138 3182
3169 3180
3178 3186
