0 146
0 3076
1 1701
1 3600
2 1146
2 3432
3 318
3 3498
4 749
4 2678
4 3441
4 3699
5 3252
6 3522
7 1096
7 3162
8 27
8 3650
9 1279
9 2722
9 2823
10 2504
11 257
11 489
11 2492
11 2977
12 3532
13 923
13 2112
13 2917
13 3665
14 2973
14 3908
15 2223
16 1890
16 3030
17 369
17 3067
17 3473
18 30
19 1603
19 2296
19 3121
20 435
20 1259
21 408
21 568
21 585
21 1334
21 3584
22 1587
22 1682
22 2685
23 2210
24 863
25 1095
25 3452
26 389
26 1652
26 2609
26 2793
26 2990
26 3181
28 3345
29 245
29 2025
30 314
30 1916
30 3128
31 181
31 1564
31 2911
32 516
32 602
33 1265
33 3309
34 1865
34 2804
34 3326
35 252
35 1858
35 3657
36 2068
36 2350
36 2645
37 2206
38 552
38 2012
38 2229
39 1133
39 2167
40 580
40 650
40 1726
40 2026
41 696
41 711
41 3865
42 2258
42 2268
42 2913
43 2012
43 2308
43 3450
44 1296
44 2446
44 3041
44 3157
45 2328
46 674
46 3675
47 2659
47 3143
48 836
48 2557
48 3048
49 71
49 3602
50 3085
51 613
51 1623
52 203
52 1879
52 2667
52 3296
52 3723
53 980
53 1074
53 1246
53 1926
53 1928
53 2094
53 3712
54 408
54 1396
54 3334
55 1166
55 1647
55 3249
56 1310
56 1630
56 3907
57 2329
57 3084
58 942
58 2778
59 1699
59 1890
60 3125
61 1857
61 2758
62 1533
62 1951
62 2058
62 2561
62 2792
62 3587
63 2230
64 2249
64 3790
65 233
65 956
65 3497
66 1041
66 1077
66 2215
67 92
67 731
68 681
68 762
68 3936
69 2080
70 830
70 1489
71 264
71 1126
71 2537
72 1152
72 2013
72 2234
72 2276
73 841
73 1787
73 3285
74 128
74 1160
74 1278
74 2547
75 1842
75 2528
76 3377
76 3631
76 3855
77 1120
77 3145
78 525
79 1584
79 2182
80 680
80 2838
80 3006
81 806
81 3231
82 1905
82 2885
83 1436
83 3732
84 377
84 1294
85 3197
85 3779
86 3866
87 1385
87 3516
88 3335
88 3785
89 96
89 2688
89 3652
90 412
90 1199
90 1249
91 412
91 3929
92 798
93 1408
93 2950
93 3342
94 334
94 628
94 1856
94 2118
94 3628
95 1230
95 1574
96 1746
97 655
97 2123
97 2865
97 3494
98 529
98 1604
98 1605
98 2604
99 201
100 936
100 1271
100 2958
101 430
101 2231
102 1843
102 3166
102 3822
103 1384
104 3763
105 925
106 1917
106 2739
106 3348
107 1339
107 3156
108 1932
109 407
110 1261
110 3701
111 1638
111 1800
111 2896
111 3738
112 645
113 2951
114 2022
114 3141
114 3444
114 3624
115 151
116 1661
116 2846
117 992
117 1436
118 1116
119 542
119 1613
119 1679
119 2500
120 1439
120 1609
121 979
121 1316
121 1940
121 3017
121 3066
122 696
123 526
124 3726
125 209
125 1027
126 987
126 2164
126 2611
127 502
128 1639
129 2723
129 3207
130 2784
131 1267
131 2924
131 2928
131 3742
131 3780
132 389
133 974
133 1388
134 2009
135 1200
135 2618
135 2718
136 1134
136 1652
136 1865
137 349
137 1992
137 2777
137 3833
138 1032
138 1102
138 3001
138 3359
138 3754
138 3785
138 3921
139 743
139 1569
139 2899
139 3639
140 1930
140 3056
140 3515
141 931
141 2857
141 3619
141 3915
142 3248
143 3454
144 1371
144 2543
145 1047
145 1769
146 2747
147 685
148 1417
148 2538
149 1343
149 3471
150 474
151 2090
151 3832
152 332
152 716
152 3437
152 3711
153 576
153 1166
153 3884
154 270
154 2819
154 2826
154 2949
154 3349
154 3547
155 1505
155 2263
156 1292
157 1052
157 1762
157 2187
157 2786
157 3189
158 2185
158 2645
159 1892
159 2397
159 2964
160 161
160 3561
161 632
161 1711
161 2399
162 601
162 1868
162 3861
163 1359
163 2172
164 887
164 3702
165 2428
165 3554
165 3848
166 298
166 2634
167 1501
167 2316
168 1502
168 3920
169 307
170 311
170 648
170 1026
171 1341
172 2236
173 664
173 3255
174 2415
174 2913
175 1928
175 3304
176 823
176 1279
176 1344
176 2284
177 1334
177 2101
177 2875
177 3363
178 701
178 2443
178 3027
178 3055
179 504
179 2099
179 2982
179 3020
180 767
180 3227
180 3637
182 2960
182 3697
183 3506
183 3555
184 284
184 1933
184 3028
184 3096
184 3521
185 1416
185 1866
185 2340
186 1707
186 2833
186 3805
187 1352
187 3111
188 397
188 1224
189 643
189 2284
190 3496
191 579
191 733
191 3060
192 1848
192 1869
193 431
193 1335
193 1394
193 1865
194 3084
195 1014
196 366
196 2065
196 2268
197 873
197 1824
197 3425
198 1392
199 785
199 2475
199 2780
199 3421
199 3629
200 506
200 2483
201 3663
201 3758
202 375
202 795
203 1139
203 3630
204 456
204 1004
205 3432
205 3737
206 296
206 1744
207 1213
207 2563
207 2709
208 523
209 947
209 1588
209 1622
209 3632
210 1983
210 2840
211 1009
211 1130
212 1455
212 2192
212 3535
213 794
214 561
215 1948
215 2690
215 3405
216 604
217 1012
218 2573
219 555
220 1252
220 1742
220 1969
221 907
221 1984
221 2354
221 2777
222 1069
222 1075
222 2660
223 341
223 372
223 506
223 2375
224 745
224 1383
225 1837
226 666
226 807
227 3090
228 3231
229 2288
229 3665
230 2210
230 3260
231 851
231 3897
232 826
232 1236
234 1319
234 1798
234 2083
234 2927
235 2907
236 707
236 1959
236 2145
237 1986
237 2698
237 3473
237 3563
238 850
239 2544
240 771
240 2703
240 2840
241 1249
242 946
242 2854
242 2920
243 613
243 1063
243 1311
243 2570
244 2550
244 2716
244 3217
244 3721
245 2804
246 1355
246 2510
247 1606
247 3714
248 3408
249 475
249 1695
249 2298
250 2448
250 3199
251 799
251 836
252 1324
252 3752
253 1703
254 2755
254 3334
255 2177
255 2360
255 2766
255 3004
255 3200
256 3110
257 692
257 3877
258 1962
258 3055
258 3596
259 2578
260 321
260 2129
260 3325
261 2854
261 3820
262 937
263 1663
264 1768
265 500
265 2954
266 479
267 2044
267 2411
268 2609
268 3201
269 321
269 459
270 606
270 1682
270 3586
271 1993
271 3461
272 1135
272 1942
273 1657
274 2246
274 2802
275 785
276 340
277 2121
278 431
278 2826
278 2880
278 3907
279 1385
279 1643
279 2254
279 3260
280 2464
280 3674
281 1365
281 2283
282 1452
282 1719
282 2613
282 3184
282 3414
283 716
284 411
284 951
284 2745
284 3207
285 770
286 658
286 1264
287 479
287 783
287 883
287 2171
287 3333
288 3111
288 3155
288 3904
289 961
289 1340
289 1595
289 1915
289 3238
290 2242
290 3145
291 795
291 1063
292 765
292 3424
293 398
293 1555
293 3783
294 552
294 2031
294 2970
294 3422
295 748
295 1523
295 1553
295 2150
295 3594
296 1388
297 1766
297 2003
298 1013
299 1274
299 1578
299 1617
299 1722
299 3683
300 1912
301 542
302 1152
303 2010
304 1910
304 3584
305 3063
306 2649
307 1927
307 1960
308 3151
309 350
310 824
310 1359
310 2055
312 863
312 1731
312 3374
313 1218
313 1610
313 2471
313 3459
314 3153
314 3564
315 1954
315 3109
315 3704
316 758
316 2130
316 2573
316 2828
317 3229
318 354
318 817
318 2256
319 1358
320 1256
320 1668
321 2042
321 2451
321 2809
322 432
322 3093
323 2875
324 1398
324 1959
324 2113
324 2221
325 1822
325 3759
326 844
326 1365
327 557
327 1620
328 3887
329 797
329 850
329 2585
329 3475
330 2784
330 2785
331 1265
331 1903
331 2279
333 3311
333 3698
334 2044
334 3611
335 845
335 1533
336 874
336 1091
336 2230
336 2572
336 3526
337 966
337 2956
337 3408
338 1479
339 2126
339 3533
340 1222
340 1779
340 2681
341 1282
341 2352
342 1374
342 2080
343 1245
343 2010
344 1392
345 1867
346 356
346 1372
346 2833
346 3072
346 3228
347 1045
348 3129
350 853
351 719
351 2321
351 3250
351 3811
352 2180
353 405
353 740
354 2384
355 736
355 3058
356 2298
356 3565
356 3710
356 3933
357 3142
357 3722
357 3751
358 950
358 1767
359 500
359 1824
360 1462
360 3477
361 1737
362 392
362 1342
362 1452
362 1580
362 2794
363 906
363 2920
364 1123
364 2780
365 1094
365 3851
366 1241
366 1681
366 3194
367 2311
368 438
370 1315
370 1484
370 2256
370 2467
370 2820
371 2853
372 1385
372 3290
373 382
373 2217
374 3607
375 979
375 1087
375 3892
376 3052
376 3740
378 1195
378 1783
379 1181
379 1377
379 1736
379 2460
379 2471
380 466
381 1787
381 2343
382 512
382 3607
383 826
383 3412
384 763
385 576
386 423
386 1754
387 2441
387 2666
388 3443
388 3633
389 2713
390 1567
391 1361
391 2997
392 1285
392 2665
392 2825
392 2886
393 750
393 1115
393 1692
393 2203
394 1730
394 2069
394 2139
394 3278
395 1898
396 2558
397 1546
398 3535
399 928
399 1583
399 3284
399 3726
400 404
400 1835
400 3593
401 3083
402 422
402 1804
403 1784
403 3228
403 3898
404 405
404 1385
405 3689
406 544
406 2046
407 2112
407 3798
408 2902
409 1260
409 1647
409 2794
409 3232
410 3124
411 803
411 3543
412 3786
413 1793
414 998
414 3286
415 582
415 1902
415 2435
416 3027
417 465
417 2244
418 464
418 2420
419 650
419 2130
419 3293
419 3678
420 807
421 846
421 1192
421 2391
421 3071
422 771
422 2650
423 2360
424 1187
424 1516
424 2426
424 2774
424 3705
425 2435
425 3209
426 975
426 1118
426 3274
426 3468
427 1268
427 2033
427 3439
428 2670
428 3506
429 1033
429 1052
429 3466
429 3700
430 1338
430 2309
431 1456
432 1069
432 2148
432 3063
432 3139
433 479
433 2245
433 2989
433 3583
433 3593
433 3939
434 1418
434 1891
435 1608
436 2523
437 460
437 2078
437 2663
438 1565
439 2817
440 939
440 971
440 1420
440 1984
440 2077
440 2883
441 2178
441 3886
442 2138
442 2569
442 3093
442 3911
443 2084
444 1653
444 2197
445 698
445 3240
446 970
446 2441
446 2942
447 2610
447 3207
448 1538
448 2251
449 1161
450 3215
450 3577
451 752
451 1604
451 2238
451 3503
452 824
452 860
452 2887
453 1790
453 2049
454 3711
455 565
455 887
455 1300
455 2134
457 792
458 1850
460 3372
461 1060
462 3892
463 1581
463 1980
463 2204
464 1079
464 1592
464 1813
464 1857
464 1939
464 2629
464 3267
465 3398
466 642
466 2282
466 2297
466 3663
467 853
467 3043
468 1480
468 1909
469 1106
470 2483
471 2147
471 2394
472 806
472 1318
473 1034
474 1164
475 1232
475 1455
475 2680
475 3684
476 486
476 2598
476 3501
477 2467
478 2536
478 2564
479 2079
479 2193
479 2986
480 2675
480 2740
481 1255
481 1766
482 550
482 1814
482 1982
482 2791
482 3720
483 2146
483 2955
483 3200
483 3279
484 648
484 1146
485 1449
485 2619
485 3351
486 633
487 1372
487 2421
488 525
490 782
490 2138
490 2928
491 1263
491 1672
492 3501
493 2611
493 2989
493 3628
494 1461
495 3337
496 498
496 2373
496 3179
496 3517
497 1523
497 2998
498 1172
498 1190
498 2792
499 1221
499 2688
499 3306
499 3323
500 755
500 804
500 1093
500 2606
500 3614
501 3215
502 1173
502 3327
503 1258
503 2005
503 2200
504 1044
504 2697
504 3553
505 2053
506 3633
507 1592
507 2079
508 815
508 1708
509 1224
509 1821
509 2418
509 2732
510 800
510 2318
510 2345
510 2522
511 715
511 1789
511 2907
512 2509
512 3123
513 1014
513 3232
513 3552
514 3451
515 957
516 1566
517 2307
517 3772
517 3893
518 2762
518 3403
518 3499
519 880
519 3751
520 1684
520 1817
520 2160
520 2770
520 3553
520 3908
521 609
521 3564
522 821
522 2409
523 958
523 1509
523 2744
523 3262
523 3633
524 1202
525 3205
526 2140
526 2924
526 3775
527 1102
527 2894
528 867
528 1482
528 1662
528 2402
529 998
529 1193
530 1236
531 2498
531 3573
532 1748
532 3237
533 2985
534 2749
535 1124
535 2034
535 3143
536 3865
537 1013
537 2026
538 2089
539 608
539 1224
539 2241
539 3690
540 1536
540 2277
540 2832
541 3451
542 2064
542 2955
543 3239
544 1701
544 2002
544 3172
545 2086
545 2214
546 1832
546 3564
547 2479
547 3211
548 552
549 1550
550 955
550 3704
551 1197
551 2645
551 3543
552 1758
553 3485
554 1005
554 3042
555 1689
555 2271
556 1422
556 1623
557 2103
557 3185
558 2576
559 1288
559 2701
559 2922
560 1133
560 1763
560 1958
560 3908
561 2929
562 2881
562 3693
563 2987
563 3253
564 1235
564 2626
564 3394
564 3551
565 2861
565 3161
566 3583
567 2006
567 2569
567 3102
568 944
568 968
568 3191
569 2260
570 851
570 1884
570 2314
570 2655
571 1149
572 2646
572 3097
573 1732
574 2688
575 1597
575 1767
575 3058
576 3476
577 1569
577 3579
578 2524
578 2553
578 3667
580 1556
580 2037
580 2042
580 3507
581 975
582 1574
582 2695
582 3789
583 1954
584 3391
584 3829
585 2656
586 1675
586 2414
587 965
588 1265
589 782
589 1342
589 2453
590 2030
591 1338
592 3118
593 2057
594 2506
594 3631
595 661
595 1298
596 1675
596 1808
596 2349
597 970
598 2937
599 698
599 1953
599 2499
600 2309
600 2646
601 641
601 1571
602 1654
602 2827
603 1899
603 2091
603 2353
604 619
604 1299
604 2729
605 912
606 1954
606 1966
606 3000
607 2457
608 733
608 1595
609 2364
609 3373
609 3675
610 1516
610 1907
610 3251
611 644
611 906
611 1869
611 2526
611 3626
611 3899
612 838
613 3273
614 730
614 1370
614 3336
614 3563
615 2119
615 2450
615 3340
616 3390
617 1216
617 2004
617 2524
618 1898
618 2266
618 2855
618 3445
619 3127
620 2776
621 924
622 977
622 1134
622 1735
622 1960
622 3493
623 1058
623 2874
623 3512
624 869
624 1508
624 3639
625 1802
625 3732
626 1481
626 1624
627 2363
627 3582
628 664
628 2880
629 1519
629 2114
629 3741
630 2566
630 2932
630 3396
631 1274
631 2691
632 1584
632 1776
632 2962
633 1595
633 2437
634 996
634 2513
634 3015
635 1939
635 3130
636 1719
636 3878
637 2283
637 2510
637 2646
638 2304
638 2432
638 2440
639 929
639 2735
639 3348
640 1427
640 2509
641 675
641 2662
642 2641
643 675
643 1394
643 2232
644 840
644 1174
644 2999
644 3313
645 1902
645 2059
646 2673
647 871
649 1141
649 3824
650 912
650 2853
651 859
652 1328
653 774
653 1921
653 3655
654 1495
654 2002
655 1827
655 2482
655 2551
656 2414
657 2673
657 2810
658 3024
658 3827
659 788
659 1332
659 1588
659 2190
659 3286
660 3233
661 3212
662 2685
663 3871
664 1171
664 1756
664 2658
664 2953
664 3652
665 1180
665 1953
667 3551
668 1614
668 2208
668 3045
669 1344
670 1878
671 1363
671 3257
671 3522
672 2870
672 3329
673 3370
673 3415
674 2185
674 3892
675 2474
676 2461
676 2890
677 3535
678 1074
679 718
679 2895
680 2799
680 2822
681 1820
681 3928
682 3769
683 1964
683 2988
683 3105
684 1071
684 2098
684 2428
685 3040
685 3528
686 1063
686 1105
687 810
687 2169
687 2686
687 3200
688 2446
688 2941
689 1505
690 1022
690 1380
690 3167
690 3935
691 1287
691 1690
691 1956
691 2564
691 2784
691 3428
692 1689
692 2232
692 2246
692 2495
693 1953
693 2108
694 1717
695 1054
695 2862
696 3713
697 1024
697 2195
697 2298
697 3286
698 2891
699 3248
700 1879
701 2006
702 1303
702 3825
703 3925
704 1757
704 2155
705 1376
705 1379
705 2340
705 3404
705 3935
706 1661
706 2696
707 1438
707 2274
707 2870
708 3339
708 3446
709 1958
709 3415
710 2428
711 3575
712 1025
712 2016
713 959
713 1885
713 3481
713 3756
714 1625
714 2947
714 3150
715 2951
715 3286
716 744
716 2007
716 2110
716 3096
717 788
717 2390
717 2472
718 830
718 1414
718 1893
718 2380
719 3407
720 2681
721 3512
722 1453
722 3342
722 3823
723 2186
723 2924
724 1241
725 848
726 737
726 1569
726 1704
727 2366
728 2636
728 2644
728 3116
729 808
730 3870
731 2469
732 1586
732 3786
733 2828
733 3100
734 2081
735 1717
735 1989
735 3541
736 1331
736 1648
736 1960
737 920
738 940
738 1098
738 1136
738 2702
739 2388
740 1113
740 2374
740 3911
741 2712
742 1594
742 3289
742 3370
743 2721
743 3057
744 3802
745 1725
746 3121
747 1796
748 3769
749 2773
750 1284
750 2441
750 2664
750 2859
750 3272
751 1304
751 2605
752 2960
752 2967
753 1874
754 1742
754 1990
754 2363
754 2696
754 2940
755 1352
755 1709
756 1043
756 2148
757 2516
757 2971
757 3002
758 1047
758 1391
758 1720
758 1850
758 2154
759 1243
759 1710
759 2256
759 3563
760 814
760 864
760 910
760 2497
761 2327
761 2928
761 3074
761 3581
763 940
763 3448
764 3131
764 3178
764 3430
765 911
765 2908
765 3622
766 2257
766 3814
767 1054
768 3192
768 3532
769 1255
770 1896
770 3109
772 1971
772 2029
773 2422
773 2973
774 3370
775 2548
776 2044
776 3128
777 1103
777 1340
777 1730
778 846
778 3712
779 3405
780 2904
781 3150
781 3467
781 3721
782 2194
782 3298
783 1752
784 3493
785 969
785 1484
785 1961
785 2990
785 3108
786 3263
787 1517
787 2801
788 2906
789 2471
790 3198
791 1584
791 1712
791 2199
792 2967
793 2851
794 954
794 3126
794 3174
795 2936
795 3410
796 954
796 1331
796 1636
796 2074
796 2775
796 3092
797 807
798 2264
798 3033
798 3519
799 3045
800 1462
801 2267
801 2501
802 3073
803 1626
803 3396
804 1234
804 2159
804 2273
804 3018
804 3462
805 1519
806 1711
806 3119
806 3860
807 3908
808 1139
808 3566
809 2205
809 2495
810 2226
811 1214
811 3139
812 1056
813 1657
813 1694
813 2301
814 909
814 2830
815 2461
815 3347
816 827
816 2458
817 1949
817 3655
818 3530
819 2567
819 2663
820 1595
820 3733
821 1195
821 2837
821 3442
822 1033
823 2001
823 2044
823 2562
823 2792
823 3146
824 3606
825 2181
826 2928
826 3730
826 3927
827 1255
828 2076
828 3546
829 1970
829 2218
831 2314
831 2973
832 2021
832 2337
832 3525
833 919
833 2130
834 1065
834 1388
834 2142
834 2644
834 3567
835 2090
835 3761
836 2977
837 1075
838 2751
838 3023
839 1964
840 3391
841 1030
841 2372
842 3653
842 3704
843 2505
844 3352
846 2074
846 3402
847 2875
847 3740
848 3370
849 902
849 3735
851 3290
852 1896
853 1464
853 1858
854 1857
855 1976
856 1874
856 2849
857 2203
857 2301
858 1573
858 3611
859 2922
859 3404
860 3077
861 1368
862 2385
862 2430
862 2859
862 2999
863 2420
865 1512
865 1821
866 1172
866 1392
866 3603
867 3787
868 3104
868 3320
869 3931
870 1956
871 1097
871 1856
871 2940
871 3138
872 2786
873 1246
874 2260
874 2811
875 2794
876 907
876 2277
876 3592
877 1329
878 1789
878 1996
878 2459
879 2186
880 1128
880 3520
881 3063
882 1006
882 1526
882 1988
883 2985
883 3812
884 3503
885 3692
886 1574
887 3815
888 3441
889 1207
890 2577
890 2759
890 3843
890 3866
891 2534
892 3452
893 1407
893 2510
894 1391
895 3204
895 3722
896 3540
897 1708
898 3662
899 2137
899 2485
899 2821
900 2358
900 3846
901 1004
901 2618
902 1250
902 2303
902 3087
902 3551
903 2781
903 3222
904 1020
904 2514
904 2617
904 3783
905 1295
905 1411
905 1425
907 953
907 3588
908 1742
908 3394
908 3472
909 3770
910 2044
910 3057
910 3266
912 1200
912 1374
912 2070
913 2056
913 3010
914 1900
915 3539
916 2047
916 2560
916 2699
917 2648
918 1252
919 1144
919 1810
921 3365
921 3386
922 2446
924 3159
924 3393
924 3770
925 1440
925 2621
925 3599
926 1060
927 1940
927 3350
928 3157
929 3827
930 3157
932 2794
933 1126
933 3221
933 3318
934 2052
935 2079
935 2638
936 2142
937 2221
937 3856
938 2314
938 3193
938 3923
939 2635
939 3819
941 2441
941 3540
942 1126
942 1324
943 2397
944 1202
944 3925
945 3140
945 3603
946 1118
947 1881
948 1223
948 2696
948 3851
949 1616
949 3617
950 1349
950 3520
951 1080
952 1019
952 2966
952 3910
953 1111
953 1418
953 2265
954 1631
955 2846
956 958
957 1518
957 1576
958 1872
958 2433
960 1365
960 2504
961 2873
961 2902
961 3105
961 3808
962 3099
963 1171
963 2835
964 1555
964 2518
964 2667
965 1632
965 1674
965 3817
966 1690
966 3126
967 1110
967 3620
968 1911
968 3263
969 2817
969 3547
970 2161
970 3231
971 1554
971 3494
972 3798
973 2596
973 2780
973 2907
974 979
974 1552
974 1638
975 1340
976 3056
977 1745
977 3747
978 1323
978 3910
979 1853
979 1984
981 1269
981 2387
982 1600
983 1680
983 3256
983 3284
984 1132
984 1488
984 3240
985 1198
985 1450
985 2712
985 2790
985 3423
986 2425
986 3002
986 3252
987 3027
988 1368
988 3372
988 3670
989 1238
989 3872
990 2574
991 1765
991 1802
991 2038
991 3115
991 3496
992 1972
992 2471
993 1194
993 1991
993 2669
993 2943
993 3486
994 2936
995 1275
995 1299
995 3338
996 1143
997 1486
997 3100
997 3308
998 1742
998 2730
999 1503
999 2173
999 3914
1000 1148
1001 1119
1001 2470
1001 3371
1002 1550
1002 2367
1002 3714
1003 1796
1003 2036
1003 2861
1004 1577
1005 1134
1005 1927
1007 3306
1008 1439
1009 1159
1010 1725
1011 2131
1012 2689
1013 3602
1014 2105
1015 1482
1015 2233
1015 3095
1016 2643
1016 2649
1016 3114
1016 3638
1017 1651
1017 2148
1017 2917
1018 1707
1019 2270
1019 2997
1020 3549
1020 3800
1021 2460
1021 3607
1022 2258
1022 3330
1022 3401
1023 2000
1023 2919
1023 3151
1024 1877
1024 2967
1024 3555
1026 2119
1026 3324
1028 1655
1028 3132
1028 3648
1029 1805
1030 2396
1030 2872
1030 3381
1030 3666
1031 1685
1032 3229
1032 3286
1033 1324
1033 2995
1034 1328
1034 2834
1035 3710
1036 1622
1037 1493
1037 1963
1037 2434
1037 3154
1038 1613
1039 1543
1040 1970
1040 2456
1041 1840
1041 1877
1041 3482
1042 1651
1042 2781
1043 1380
1043 1691
1043 2376
1044 1064
1044 3536
1045 2549
1046 1367
1047 3035
1048 2039
1049 2676
1049 3184
1050 3621
1051 2016
1051 2465
1052 1956
1052 2365
1053 2419
1053 2789
1053 3836
1054 2637
1054 3412
1055 1598
1056 2082
1056 2872
1057 2130
1057 3715
1059 3687
1060 1757
1060 2548
1060 3074
1060 3749
1061 1085
1062 2009
1062 3124
1062 3357
1063 2677
1063 3548
1064 2381
1064 2389
1065 3328
1066 1462
1067 1396
1068 1312
1068 2689
1068 3313
1069 1845
1069 3856
1070 2718
1071 1995
1072 3600
1073 2426
1074 1587
1075 1350
1075 1357
1075 2105
1075 3691
1076 1797
1076 2631
1076 3306
1076 3491
1078 2356
1079 2100
1079 2908
1079 3478
1080 2831
1081 2119
1081 2145
1082 1165
1082 1972
1082 2689
1083 1168
1083 1425
1083 2159
1084 2351
1085 1912
1085 2332
1086 3387
1086 3455
1087 1591
1087 2220
1087 2384
1088 1116
1088 1777
1088 1834
1088 3182
1088 3279
1089 2148
1089 3256
1090 1422
1091 3786
1092 2754
1093 2133
1093 3736
1094 1265
1094 3568
1095 1141
1096 1137
1097 1176
1097 1547
1097 1965
1097 2476
1098 1911
1098 2530
1099 1101
1099 1180
1099 2036
1100 2097
1102 1996
1103 1337
1103 2738
1104 1988
1105 2261
1106 1557
1107 3253
1108 3575
1109 1692
1109 1949
1109 2734
1110 1861
1110 3203
1111 2864
1112 3465
1112 3868
1113 1213
1114 2267
1114 3603
1115 2827
1116 1923
1117 1552
1118 2694
1119 3372
1119 3539
1120 2821
1121 1467
1121 3298
1121 3759
1122 1826
1122 1873
1124 1370
1124 1869
1124 2296
1124 3309
1125 2120
1125 3233
1127 2723
1127 2806
1127 3358
1127 3554
1128 2823
1129 2714
1129 3508
1131 1460
1131 1959
1133 1890
1133 3403
1134 1563
1134 2010
1135 1575
1135 2621
1135 3387
1136 2260
1136 3156
1137 1272
1137 1454
1137 2315
1138 1413
1138 2913
1138 3091
1139 1195
1139 1506
1140 3203
1141 1775
1141 3233
1141 3504
1142 2015
1142 2242
1142 3566
1143 2996
1143 3794
1145 1202
1146 3364
1147 1829
1148 3438
1149 3144
1149 3614
1150 1485
1150 3221
1151 2509
1151 3432
1152 3462
1152 3696
1153 1236
1153 1685
1154 3186
1155 2992
1156 1945
1156 2600
1156 3090
1157 2879
1157 3334
1158 1403
1158 1913
1158 1946
1158 2935
1158 3649
1159 1655
1161 2591
1162 1801
1162 3313
1162 3789
1163 1960
1163 3088
1164 2569
1164 2713
1164 3189
1166 2647
1166 3501
1167 1294
1167 2319
1167 2927
1168 1979
1168 2710
1168 3292
1169 2764
1169 3938
1170 3943
1171 2520
1171 3156
1171 3254
1172 2231
1173 3408
1174 3092
1175 3597
1177 1910
1178 1594
1178 1651
1178 2803
1179 1915
1180 2207
1182 1210
1182 1235
1182 1258
1182 1794
1182 3141
1183 1513
1184 3198
1184 3633
1185 1310
1185 1451
1185 2332
1185 3816
1186 3346
1187 1447
1188 1528
1188 1894
1188 3937
1189 3864
1190 2997
1191 1598
1191 3385
1193 3553
1196 1258
1196 1754
1197 3528
1200 2275
1201 1396
1201 2633
1201 3206
1202 1917
1202 3572
1203 2018
1203 2110
1203 3120
1203 3558
1204 1554
1204 3929
1205 1471
1206 1564
1206 2410
1206 3758
1207 1894
1207 2161
1207 2329
1207 2860
1208 3495
1209 1431
1210 1622
1211 2973
1211 3768
1211 3864
1212 2391
1212 2429
1212 2647
1212 2676
1212 3012
1213 3629
1215 2656
1215 3845
1216 1669
1216 3003
1216 3252
1217 2727
1218 2527
1218 3733
1219 1253
1219 2375
1220 1400
1220 1972
1220 2576
1220 3804
1221 2206
1221 2521
1223 1431
1224 1404
1224 1630
1224 2925
1225 1291
1226 1855
1226 2432
1226 3623
1227 2903
1227 3239
1228 2578
1228 2761
1229 1617
1229 3905
1230 1390
1230 1774
1230 3164
1231 3421
1232 3272
1232 3336
1233 1979
1233 2989
1233 3644
1235 2694
1235 3456
1235 3795
1236 2375
1237 3163
1238 3031
1239 1372
1239 1732
1240 3162
1240 3926
1241 2015
1241 3040
1242 2441
1243 2726
1244 1490
1245 2454
1245 3660
1246 3375
1247 1597
1248 1408
1248 2976
1249 2680
1249 3276
1250 3267
1250 3699
1250 3799
1251 1366
1251 1645
1251 1887
1251 3130
1252 1531
1252 2108
1254 3866
1255 1978
1256 3287
1257 2806
1257 3337
1260 1276
1261 2973
1261 3293
1261 3913
1262 2478
1263 2416
1263 2923
1264 2148
1264 3484
1264 3725
1264 3810
1266 3340
1266 3559
1267 2407
1267 3584
1268 2313
1269 1382
1269 2841
1270 1484
1271 3810
1273 2635
1274 3495
1274 3530
1276 3852
1277 3653
1278 2045
1278 3577
1280 3269
1281 3442
1282 2324
1283 1397
1284 2597
1285 2605
1286 2726
1286 3202
1287 1926
1289 2510
1289 2746
1290 1726
1291 3717
1292 1368
1292 1807
1292 2173
1292 2582
1293 1827
1293 3752
1295 1588
1295 1754
1295 3775
1296 1703
1296 3417
1297 1420
1297 1635
1298 2475
1298 3718
1299 3376
1301 2694
1301 3131
1302 2738
1302 2942
1303 1370
1304 1777
1304 2292
1305 2437
1306 2782
1306 3293
1307 1336
1307 1399
1308 2185
1309 1867
1311 1481
1312 1711
1312 2487
1312 2591
1312 3558
1313 2134
1313 3273
1314 1897
1314 3351
1315 1365
1315 2870
1317 3802
1318 3264
1319 3746
1320 2755
1320 3092
1321 2975
1322 2224
1322 3943
1323 1590
1324 3271
1325 1582
1325 3429
1326 1838
1327 2472
1327 2599
1327 3172
1328 1674
1328 3585
1329 2317
1329 2628
1330 1885
1330 2335
1330 2570
1330 2640
1331 1607
1331 2620
1333 1426
1333 2329
1333 2379
1333 2764
1334 3437
1336 2852
1337 1360
1337 2494
1339 2435
1340 1470
1340 2225
1340 2718
1341 2447
1341 2518
1341 3849
1343 2872
1344 2221
1344 3450
1345 1430
1345 2218
1346 3562
1347 1686
1347 2218
1347 3346
1348 2501
1349 2117
1349 2441
1350 2986
1351 2717
1353 2402
1353 3296
1354 1732
1356 1637
1356 3707
1357 1791
1357 2051
1357 2875
1358 1854
1361 1678
1362 2593
1362 3071
1363 1912
1364 2210
1364 2228
1364 2830
1364 3620
1365 2608
1366 2336
1367 2869
1368 2236
1368 3927
1369 1660
1370 2949
1373 2087
1373 3253
1373 3712
1375 2684
1375 3902
1376 2371
1376 3302
1376 3882
1377 2096
1378 1567
1378 1646
1378 2180
1378 2872
1378 2951
1379 2357
1379 3241
1380 1472
1381 3695
1382 2805
1383 2445
1384 2392
1384 3262
1384 3547
1385 2097
1385 2616
1386 2023
1386 2794
1386 3743
1387 1435
1389 2514
1389 2947
1390 3142
1390 3356
1390 3434
1391 3852
1392 2194
1392 2559
1392 3453
1392 3663
1392 3843
1393 1466
1393 2611
1394 3019
1395 2025
1395 2888
1395 3546
1397 2648
1397 2915
1398 1843
1398 3254
1399 3471
1401 1930
1402 1880
1402 2212
1402 3025
1403 1807
1404 2265
1405 2786
1406 2316
1406 2322
1407 1506
1407 3389
1408 3753
1409 2262
1409 3466
1410 1426
1411 3075
1412 2046
1413 2904
1413 3117
1414 1572
1414 2342
1415 1959
1415 3760
1416 3515
1417 3204
1418 2795
1418 2906
1419 1773
1419 2773
1420 1973
1420 2586
1420 3634
1421 1997
1421 2237
1422 1543
1422 1669
1422 3110
1422 3417
1423 1952
1423 2112
1423 2589
1424 1444
1424 1498
1424 2768
1424 2960
1424 3692
1425 2892
1426 1522
1426 2210
1426 3385
1427 2875
1428 2947
1428 2980
1429 3761
1431 3701
1432 1621
1432 1647
1433 1733
1434 2513
1435 1479
1435 1614
1437 1960
1438 1790
1439 1671
1439 3624
1440 1665
1440 2171
1440 3552
1441 2489
1442 2471
1443 2401
1443 2962
1444 2320
1444 2932
1444 3583
1445 2381
1446 3501
1447 3593
1447 3658
1448 1533
1448 3305
1451 2065
1451 2508
1453 2571
1453 2935
1453 3030
1454 2206
1455 2503
1456 2822
1456 3620
1457 3677
1458 3433
1458 3436
1459 2755
1460 1811
1460 2473
1461 3144
1461 3365
1462 1813
1462 2641
1463 3310
1464 1660
1465 2064
1465 3873
1466 3163
1467 2370
1467 2405
1467 2583
1467 2603
1468 3681
1468 3790
1469 2480
1470 2734
1470 3800
1471 3424
1473 2431
1474 1968
1474 2189
1475 2000
1475 2308
1475 3672
1476 3602
1477 2403
1478 2940
1478 3402
1479 2370
1479 3788
1480 3438
1481 1867
1481 2366
1481 3685
1483 1665
1483 2647
1483 3110
1483 3149
1483 3220
1483 3409
1484 1672
1484 1769
1484 3866
1486 1497
1487 1855
1488 2113
1488 3454
1489 2262
1489 2763
1489 3080
1490 3792
1491 1878
1491 2339
1492 2869
1494 3055
1496 1533
1496 2592
1496 3507
1497 2012
1498 3563
1499 3785
1500 1755
1500 2883
1500 3104
1501 1687
1501 2261
1501 3269
1501 3319
1502 1765
1503 1677
1503 1871
1504 2684
1505 2289
1505 2532
1506 2978
1506 3523
1507 1736
1507 3189
1508 2373
1508 3372
1509 1823
1509 3170
1510 3676
1511 2165
1511 2510
1513 3223
1514 2079
1515 1957
1516 1986
1516 3390
1517 3937
1518 3489
1519 2574
1520 2819
1520 3543
1520 3707
1521 3669
1522 2992
1523 3443
1524 1731
1524 3025
1525 2526
1525 3177
1525 3214
1525 3397
1525 3883
1526 3758
1526 3847
1527 1577
1527 2157
1528 3253
1529 2386
1530 1729
1530 1880
1530 3729
1531 3328
1531 3340
1532 3275
1532 3916
1533 2121
1534 1677
1534 2870
1535 1760
1535 2437
1536 1565
1536 1648
1536 2878
1537 1857
1537 3359
1538 1917
1538 2523
1539 2170
1539 2421
1539 3479
1540 1880
1541 2986
1542 3008
1543 1667
1543 3011
1544 2268
1545 3779
1546 2176
1547 1867
1547 2587
1548 2388
1548 3010
1549 2483
1549 3537
1550 1939
1550 2776
1550 2981
1551 1616
1552 1875
1552 1922
1552 2889
1554 2084
1554 3081
1555 2856
1555 3392
1555 3812
1556 2281
1557 1987
1557 2103
1557 2235
1558 3195
1559 3572
1560 1876
1560 3230
1561 2195
1562 2852
1562 3904
1563 3141
1565 1721
1566 2698
1566 3027
1566 3044
1566 3457
1567 2105
1568 2406
1570 1588
1570 2619
1571 1792
1571 3763
1572 2908
1573 2540
1574 1890
1575 3052
1575 3873
1576 2809
1576 2974
1576 3014
1578 3223
1578 3407
1579 3310
1581 3707
1584 3299
1584 3856
1585 1932
1586 1685
1587 3368
1587 3755
1588 2230
1588 2601
1588 3011
1589 2420
1589 3035
1589 3457
1592 2043
1592 3837
1593 3806
1594 2379
1594 3834
1595 2241
1595 2749
1596 3182
1597 1923
1597 2723
1598 3889
1599 2486
1600 2055
1601 2088
1602 3297
1603 2635
1604 1722
1604 2824
1604 2931
1605 3767
1605 3850
1606 1614
1606 1770
1607 2554
1608 2872
1608 3194
1608 3723
1609 2115
1609 3502
1611 2331
1611 2621
1612 1920
1612 3908
1614 1761
1615 1707
1615 2265
1616 3425
1617 3896
1618 1698
1618 3160
1619 3084
1619 3583
1620 2341
1620 3633
1621 3726
1622 2648
1623 3267
1627 1672
1627 2247
1628 1982
1628 2463
1629 3330
1629 3837
1630 3676
1632 2025
1632 3268
1633 2370
1633 3782
1633 3908
1634 1830
1635 1904
1637 2891
1638 1893
1640 3830
1641 2147
1641 3903
1642 2590
1642 3566
1643 3050
1644 2696
1644 3662
1645 3272
1646 2948
1646 3492
1647 3433
1649 1808
1649 1815
1650 2593
1653 2051
1653 2211
1654 1749
1654 2363
1656 2339
1656 2408
1656 3193
1656 3391
1656 3538
1657 1901
1657 2359
1657 2704
1657 3663
1658 1894
1658 3767
1659 2354
1659 2739
1660 2291
1660 3245
1662 3484
1663 3756
1664 3001
1666 1783
1666 3383
1668 3494
1669 3390
1670 1926
1672 1977
1672 2030
1672 2158
1672 2300
1673 3161
1673 3173
1673 3853
1676 1864
1676 2715
1676 3218
1678 3092
1680 2219
1680 3013
1681 2268
1681 2541
1682 1733
1682 1848
1683 1809
1683 2518
1683 2849
1684 3788
1686 1897
1686 1988
1686 2983
1686 3212
1687 1825
1687 2184
1688 1992
1690 3071
1693 1717
1693 2137
1696 2579
1696 2944
1697 2521
1698 1779
1700 2699
1702 2318
1702 2627
1702 3718
1702 3851
1704 2960
1705 3106
1706 2055
1706 3838
1710 3625
1710 3797
1712 2407
1713 3516
1713 3597
1714 3858
1714 3895
1715 2204
1715 2742
1716 2961
1716 3904
1718 3022
1719 2348
1719 3781
1720 1818
1722 1996
1722 2752
1723 3713
1724 2014
1724 2625
1727 2334
1728 1915
1729 1741
1729 3343
1734 3418
1735 3384
1736 2854
1737 1958
1738 2423
1738 2937
1739 3594
1740 2154
1741 2538
1741 3653
1742 3665
1743 3192
1744 2196
1744 3469
1744 3546
1745 2634
1745 3848
1745 3869
1747 2404
1747 2761
1747 3312
1747 3918
1748 2884
1749 2768
1750 2917
1751 2691
1751 2728
1752 2056
1752 2854
1752 3501
1752 3932
1753 2369
1754 3099
1754 3446
1755 2555
1756 2294
1756 3104
1757 1944
1757 2067
1757 3792
1758 3315
1759 2424
1759 2869
1761 1781
1761 2182
1763 3510
1764 2106
1764 3374
1764 3831
1766 2487
1771 2118
1772 2253
1772 2692
1775 2797
1776 2274
1776 3805
1777 2381
1778 2434
1778 3031
1779 2797
1780 2988
1780 3345
1781 1953
1781 2912
1781 3520
1782 2074
1783 3196
1783 3292
1784 3260
1785 2744
1785 2771
1786 3303
1786 3840
1788 2388
1788 2964
1791 1995
1791 2921
1793 2336
1795 1849
1797 2210
1797 2846
1798 2779
1799 3673
1800 2534
1801 3801
1803 1846
1803 2334
1803 3533
1804 3351
1805 2479
1806 2449
1807 3838
1808 2452
1810 3330
1810 3931
1812 3167
1813 1917
1814 3920
1815 3480
1816 3112
1817 2245
1818 3209
1819 2066
1819 3168
1820 1997
1820 2395
1821 3605
1822 2451
1822 3707
1823 3411
1825 2812
1825 3090
1827 3598
1827 3836
1827 3885
1828 2179
1829 2121
1829 3484
1830 2284
1830 2929
1830 3096
1830 3290
1831 1838
1831 2380
1831 3339
1832 2925
1833 3566
1834 1937
1835 2602
1836 2863
1837 2760
1837 3612
1838 1908
1838 2328
1839 3207
1840 3316
1840 3825
1841 2281
1842 2398
1842 2894
1842 3037
1842 3284
1844 3129
1844 3799
1845 2252
1847 2668
1848 3033
1849 2979
1850 2700
1850 2920
1850 3602
1851 3220
1851 3427
1852 2244
1853 2081
1853 2228
1853 3198
1853 3375
1854 2424
1855 3569
1855 3772
1856 3627
1857 2123
1857 2336
1857 3361
1857 3816
1858 2695
1859 3301
1860 2211
1862 3791
1863 2773
1864 2286
1864 2342
1865 3875
1866 2000
1866 2753
1866 3199
1868 2062
1868 2109
1868 2614
1870 3775
1871 2584
1872 2439
1872 3240
1872 3439
1872 3823
1873 1932
1873 2575
1873 3914
1874 2438
1874 2616
1875 2308
1875 2944
1875 3841
1876 2207
1876 2957
1876 3107
1876 3743
1877 3833
1882 2666
1882 2872
1882 3517
1883 2157
1885 3083
1885 3631
1886 3007
1886 3404
1887 2780
1888 3868
1889 3094
1890 2574
1890 3412
1892 2262
1892 2575
1892 3909
1894 2552
1894 3046
1895 3193
1896 2991
1896 3429
1896 3728
1897 3533
1898 2235
1898 2707
1900 2787
1901 2400
1901 3064
1901 3565
1903 2175
1903 2568
1903 3238
1905 3911
1906 2643
1907 2287
1908 3672
1909 3349
1909 3502
1910 2298
1910 2673
1910 3099
1911 1994
1912 2655
1912 3555
1913 3154
1913 3641
1913 3912
1914 3016
1915 2546
1917 2097
1917 2214
1917 3041
1917 3276
1918 3153
1919 2508
1920 2977
1921 2087
1921 2778
1922 2247
1923 2093
1923 2667
1923 2833
1924 3197
1925 2413
1927 2938
1929 2720
1929 2989
1929 3068
1930 2088
1930 2907
1930 3933
1931 2050
1933 2624
1934 3215
1934 3375
1935 2704
1936 3245
1937 2288
1937 3251
1938 2194
1939 2171
1939 2783
1940 2399
1940 2642
1941 2158
1941 3779
1943 2851
1943 3028
1943 3161
1944 2526
1944 2706
1944 3412
1946 2973
1946 3413
1946 3868
1947 2264
1948 2916
1948 3601
1950 1961
1952 3616
1953 2025
1953 2994
1953 3387
1955 3304
1956 2036
1956 3777
1957 3500
1959 2615
1959 2997
1959 3244
1960 2078
1963 3796
1966 2992
1966 3637
1966 3798
1967 2921
1971 2567
1972 2368
1972 2911
1973 3788
1974 2228
1975 3072
1975 3686
1976 3034
1978 2324
1979 3669
1980 2299
1980 3111
1981 2437
1981 3121
1982 2331
1982 2687
1982 3871
1983 2323
1985 2506
1987 3103
1987 3898
1991 2397
1993 2099
1994 3886
1997 2022
1998 3230
1998 3534
1999 2102
2000 2719
2001 2932
2001 3301
2002 2788
2003 2080
2007 2414
2007 2867
2008 3372
2009 3715
2011 2803
2016 2504
2016 3378
2017 2796
2018 2731
2018 2800
2018 2882
2018 3543
2019 2895
2020 3013
2020 3872
2021 3092
2021 3727
2023 3310
2024 3389
2025 2326
2026 2895
2027 2376
2028 2210
2029 3774
2030 3563
2031 3074
2031 3663
2032 2212
2032 3049
2035 2810
2035 3180
2035 3799
2038 3741
2038 3924
2039 2190
2039 2805
2039 3483
2040 3848
2041 3425
2043 2384
2045 3418
2046 2624
2047 3084
2047 3523
2048 2464
2049 2374
2049 3631
2050 2988
2052 2642
2053 2635
2054 2644
2056 3023
2057 2253
2057 2454
2058 3186
2059 3082
2059 3560
2059 3843
2060 2638
2060 2859
2061 2446
2061 3246
2063 3002
2064 2871
2064 3737
2065 2247
2067 2075
2068 2701
2068 3380
2069 3197
2071 2342
2071 2583
2071 2827
2071 2970
2071 3610
2072 2487
2073 2482
2073 2806
2073 3248
2073 3580
2074 2351
2074 2552
2074 2593
2074 2936
2075 3943
2076 2839
2076 3932
2078 3231
2078 3813
2079 2448
2080 2222
2080 2309
2080 3482
2081 2753
2081 3234
2081 3356
2082 2150
2084 2783
2085 2611
2085 2779
2086 2361
2086 3459
2089 2961
2089 3155
2090 2695
2090 3167
2091 3930
2092 2430
2092 2682
2093 2463
2093 3576
2095 3073
2097 2483
2097 3613
2098 3004
2100 2241
2101 2371
2101 2799
2102 3936
2104 2351
2104 3034
2104 3408
2104 3774
2105 3483
2105 3549
2107 2133
2108 2689
2108 2700
2109 2219
2111 3760
2116 2863
2116 3772
2117 2178
2117 3388
2118 3247
2122 2643
2124 3507
2125 2667
2127 2151
2127 3391
2128 2590
2128 2705
2130 2829
2131 2743
2132 2412
2132 3935
2133 2668
2133 3420
2135 2298
2135 2827
2135 3544
2136 2732
2141 2836
2141 3005
2143 3617
2144 3874
2146 3272
2147 3749
2148 2193
2148 2481
2148 3227
2149 3264
2150 3726
2152 3014
2153 2358
2153 3468
2154 3170
2155 2188
2155 2842
2155 3781
2156 2252
2156 2537
2158 3218
2160 3924
2161 3556
2161 3865
2162 2528
2163 3118
2163 3175
2164 3725
2165 3650
2166 2472
2166 2970
2166 3216
2168 2471
2169 2331
2171 2618
2172 3022
2172 3283
2174 2855
2174 2963
2176 2930
2179 2946
2180 2416
2180 3871
2181 2936
2181 3853
2182 2333
2183 3335
2184 3734
2186 2461
2186 2975
2188 2965
2189 3127
2189 3801
2190 3645
2191 2629
2191 2696
2191 3447
2198 3560
2199 2695
2199 2753
2199 2812
2199 3073
2200 3521
2201 2932
2202 2741
2202 2942
2205 2702
2206 2391
2207 3357
2208 2840
2209 2343
2209 3456
2213 2825
2213 2828
2214 2331
2214 2715
2215 2846
2215 3849
2216 3568
2217 2979
2217 3265
2219 3490
2220 2499
2220 2751
2221 3882
2222 3935
2223 3382
2224 2891
2225 3607
2226 2351
2227 3109
2227 3551
2228 3295
2229 2450
2229 3784
2230 2307
2230 2944
2232 2271
2233 2420
2235 3640
2236 3444
2238 3234
2238 3585
2239 3747
2240 2392
2241 3432
2242 2799
2243 2990
2244 3555
2244 3783
2245 2476
2245 3131
2245 3636
2246 3216
2246 3919
2247 2481
2247 3032
2248 3753
2250 2616
2250 3717
2251 3327
2251 3414
2252 2951
2253 2518
2255 2378
2255 2477
2255 3144
2257 2568
2257 2736
2257 2954
2258 3924
2259 2451
2260 3123
2260 3407
2264 2433
2264 2934
2266 2515
2266 3794
2267 2299
2268 3349
2268 3447
2269 3089
2272 2708
2273 2705
2273 3208
2275 2578
2276 3167
2278 2689
2279 2297
2279 2385
2279 3352
2280 3766
2281 2951
2282 3054
2282 3863
2284 3462
2284 3571
2284 3774
2285 3700
2286 3844
2287 2726
2288 3499
2289 3938
2290 2771
2291 2314
2292 3337
2293 3213
2293 3433
2294 2966
2295 3591
2296 2850
2296 3416
2298 2683
2298 3341
2298 3758
2299 3746
2301 2621
2301 3106
2302 2483
2305 3256
2306 3404
2307 3183
2307 3432
2308 2328
2308 3613
2309 2907
2310 3556
2311 3810
2312 2596
2314 3449
2315 3026
2316 3494
2317 3475
2321 3692
2324 3676
2325 3522
2326 2642
2326 2654
2326 2789
2328 3604
2329 2511
2329 2565
2330 3786
2331 2518
2331 2663
2331 3050
2333 2383
2334 3641
2336 2449
2337 3249
2338 3019
2338 3797
2339 2538
2339 3685
2341 3430
2342 2504
2344 3087
2346 2804
2346 3110
2346 3489
2347 3621
2348 2737
2349 3488
2349 3611
2350 3254
2351 2657
2354 3708
2355 3488
2356 3401
2356 3899
2358 3454
2359 3627
2360 2695
2361 3671
2362 3150
2367 2993
2369 2719
2369 3730
2371 3852
2372 2818
2372 3074
2373 3487
2374 3548
2375 2969
2377 2398
2380 3627
2382 2496
2383 2480
2384 3928
2385 3152
2386 2723
2386 3823
2388 3655
2389 3557
2390 3619
2391 3332
2393 3302
2394 3615
2396 3589
2398 3062
2398 3085
2401 3125
2402 3897
2402 3898
2403 2866
2404 3171
2405 3817
2406 2519
2406 2752
2406 3751
2407 3513
2410 3911
2412 3634
2413 3658
2416 3637
2416 3869
2417 3671
2419 3547
2422 3647
2423 3256
2426 2582
2427 3048
2427 3152
2429 2968
2430 3887
2431 2705
2434 3141
2436 3211
2438 3245
2440 3026
2440 3744
2441 3419
2442 2445
2443 3051
2444 2756
2444 3793
2445 2968
2446 3534
2448 2972
2451 3880
2452 2765
2455 2935
2456 3682
2457 3675
2458 2711
2458 3899
2459 3500
2460 3383
2461 2862
2462 2498
2463 3844
2464 3771
2465 2643
2465 2812
2466 3438
2467 2715
2468 2495
2468 2652
2468 3606
2469 2736
2472 3825
2476 3293
2477 3663
2478 3289
2479 2733
2479 3575
2479 3611
2480 3082
2482 3533
2484 3879
2485 2628
2485 3662
2486 2849
2487 3351
2488 2622
2489 2692
2490 2939
2490 3642
2490 3674
2491 2929
2492 3512
2493 2517
2494 2552
2496 3002
2497 3499
2497 3725
2498 3162
2498 3275
2502 2706
2502 2995
2503 3152
2504 3465
2504 3485
2505 3117
2505 3792
2507 3622
2508 2730
2510 3862
2511 2598
2511 3246
2511 3393
2512 3019
2512 3134
2513 3934
2515 3402
2517 3809
2519 2959
2519 3297
2521 3259
2522 2564
2523 3891
2524 2558
2525 3095
2526 2812
2529 3497
2531 3482
2533 3941
2535 3622
2536 3269
2536 3841
2537 2891
2537 3514
2539 2965
2541 3457
2542 2618
2542 2640
2543 3941
2544 3654
2545 3624
2546 2840
2547 2968
2548 2917
2549 2960
2552 2742
2552 3225
2553 3796
2554 2657
2554 3086
2554 3471
2556 2740
2556 3291
2557 3743
2558 2821
2562 3895
2563 2998
2563 3879
2564 3029
2565 3867
2566 3574
2567 2977
2568 2716
2569 3622
2571 2801
2571 2924
2571 3496
2574 2861
2574 3749
2576 3437
2577 3064
2577 3904
2579 2594
2579 3538
2579 3773
2580 3210
2580 3303
2580 3313
2580 3847
2581 2740
2586 3083
2588 3100
2588 3112
2592 3226
2592 3236
2592 3697
2595 3175
2596 3304
2597 2985
2599 3714
2599 3750
2599 3768
2600 3414
2601 3136
2603 2933
2606 2724
2606 3941
2607 3562
2608 3303
2609 2727
2609 2772
2611 3763
2612 3399
2612 3474
2613 3280
2613 3791
2613 3806
2616 3490
2616 3645
2617 3415
2621 3395
2621 3464
2622 3014
2622 3468
2623 2946
2623 3091
2623 3583
2624 3747
2624 3879
2625 2653
2625 2879
2625 3362
2625 3367
2625 3750
2629 2829
2629 3043
2630 2643
2630 3366
2632 2688
2633 3165
2633 3525
2633 3854
2634 3135
2634 3772
2635 2747
2635 3859
2637 2703
2638 2718
2639 3427
2640 2795
2643 2900
2643 3272
2648 3181
2649 2838
2649 3859
2651 3338
2652 3568
2653 2691
2657 3311
2658 3162
2659 2709
2660 3659
2661 3797
2663 2796
2663 2944
2663 3664
2665 3435
2667 3360
2668 3839
2671 3306
2672 3682
2672 3803
2673 3388
2673 3654
2673 3804
2674 2835
2674 3039
2674 3520
2677 2994
2679 3262
2681 3765
2682 3193
2684 3038
2685 2982
2687 3778
2690 3047
2690 3915
2691 3359
2693 2983
2693 3024
2694 3235
2695 2969
2695 2971
2695 3098
2695 3451
2703 3288
2706 3070
2708 2880
2708 3479
2708 3926
2712 3021
2713 3379
2714 3734
2716 2822
2716 3552
2716 3866
2717 2803
2718 3512
2721 3328
2721 3414
2725 3208
2727 3429
2729 2909
2733 3739
2734 3650
2735 3440
2737 3613
2739 3900
2742 3061
2742 3168
2743 3306
2743 3477
2744 3221
2747 3302
2747 3751
2748 3854
2750 3825
2752 2814
2752 3314
2754 2829
2756 3089
2757 3776
2758 3916
2759 3870
2759 3942
2760 3401
2760 3721
2761 2888
2761 3590
2763 3078
2767 3493
2769 3925
2770 3715
2771 3195
2771 3197
2772 3913
2773 3906
2775 3311
2776 2907
2778 3703
2779 3935
2783 3065
2783 3877
2787 3822
2788 2988
2789 3798
2790 3182
2793 2817
2793 3317
2798 3584
2804 2876
2807 3355
2807 3369
2808 2844
2808 3591
2809 2981
2810 3679
2811 3930
2813 3227
2813 3717
2814 2818
2815 3126
2815 3938
2816 3370
2819 3912
2820 3563
2823 3531
2826 3282
2827 3015
2832 3903
2835 2995
2838 3322
2838 3799
2840 3343
2841 2942
2843 3595
2844 3299
2845 2920
2845 2938
2845 3136
2846 3241
2847 3361
2848 2889
2848 3211
2848 3878
2851 3234
2857 3639
2858 3306
2860 3912
2861 3156
2862 3772
2866 2966
2868 3132
2869 2918
2869 3912
2870 3192
2871 2992
2872 3472
2873 2950
2873 3121
2874 2950
2875 3169
2877 3541
2878 3290
2882 3919
2884 3572
2886 3400
2887 3305
2890 3863
2893 2927
2893 3389
2897 3743
2898 2907
2899 3396
2901 3681
2903 3902
2905 3025
2907 3912
2910 3158
2910 3202
2910 3589
2911 3304
2912 3782
2914 3436
2915 3895
2919 3448
2921 3060
2921 3687
2922 3690
2926 2937
2929 3418
2930 3359
2934 3699
2934 3798
2935 3782
2937 3020
2937 3095
2937 3803
2939 3415
2939 3611
2943 3602
2944 3517
2945 3376
2945 3542
2947 3524
2949 3473
2951 3786
2952 3279
2964 3066
2975 3205
2975 3475
2976 3115
2976 3331
2977 3101
2981 3441
2981 3596
2982 3540
2983 3646
2984 3417
2984 3759
2986 2999
2986 3353
2989 3157
2990 3110
2991 3126
2991 3539
2994 3422
2999 3457
3005 3179
3007 3940
3008 3608
3008 3858
3009 3181
3010 3253
3011 3930
3016 3235
3017 3190
3024 3240
3025 3716
3029 3341
3032 3676
3035 3382
3036 3601
3036 3748
3039 3777
3040 3527
3044 3198
3045 3922
3049 3494
3051 3534
3053 3728
3054 3198
3057 3518
3059 3429
3060 3811
3061 3886
3063 3850
3064 3616
3064 3650
3064 3683
3066 3231
3067 3415
3067 3580
3068 3680
3069 3565
3071 3601
3072 3668
3073 3786
3074 3411
3078 3726
3079 3563
3080 3748
3082 3102
3082 3635
3082 3800
3085 3412
3085 3780
3089 3136
3089 3479
3090 3733
3092 3262
3093 3261
3094 3309
3095 3465
3097 3579
3098 3816
3100 3577
3102 3354
3102 3899
3105 3445
3108 3616
3111 3294
3113 3908
3115 3184
3116 3227
3116 3654
3118 3585
3119 3210
3119 3528
3121 3743
3122 3796
3123 3842
3124 3746
3124 3922
3132 3389
3133 3741
3134 3395
3137 3319
3138 3595
3139 3166
3140 3320
3144 3207
3146 3707
3147 3527
3148 3715
3152 3375
3157 3404
3159 3589
3164 3927
3169 3916
3171 3801
3172 3511
3173 3789
3174 3410
3175 3460
3176 3481
3181 3360
3187 3623
3188 3661
3189 3295
3192 3406
3195 3463
3195 3638
3200 3401
3201 3618
3202 3369
3203 3759
3205 3713
3208 3333
3209 3739
3219 3799
3224 3798
3225 3806
3232 3235
3233 3729
3236 3706
3239 3793
3242 3475
3243 3577
3252 3661
3252 3874
3254 3523
3254 3832
3257 3857
3258 3302
3264 3683
3264 3809
3266 3492
3270 3740
3274 3824
3276 3815
3277 3640
3281 3616
3281 3931
3282 3544
3284 3806
3287 3923
3288 3570
3288 3589
3290 3470
3291 3733
3300 3827
3303 3625
3304 3545
3305 3793
3307 3875
3308 3538
3310 3661
3316 3657
3317 3431
3317 3621
3321 3901
3326 3672
3329 3821
3335 3649
3343 3741
3344 3719
3349 3555
3350 3811
3354 3641
3355 3475
3355 3798
3358 3364
3358 3820
3366 3765
3367 3397
3367 3798
3368 3880
3374 3705
3377 3651
3378 3853
3381 3578
3388 3640
3391 3777
3397 3796
3400 3426
3407 3935
3408 3430
3413 3934
3417 3908
3418 3653
3419 3532
3420 3617
3424 3551
3436 3473
3436 3780
3437 3572
3438 3660
3441 3893
3458 3471
3464 3522
3466 3548
3468 3651
3469 3924
3470 3881
3473 3908
3474 3576
3475 3858
3476 3779
3482 3879
3487 3677
3491 3708
3491 3914
3496 3760
3500 3736
3502 3568
3503 3644
3505 3859
3509 3617
3511 3693
3517 3899
3519 3578
3521 3659
3522 3745
3522 3933
3525 3724
3525 3929
3527 3857
3528 3764
3529 3630
3531 3923
3542 3828
3546 3842
3550 3796
3551 3700
3560 3727
3560 3900
3562 3884
3567 3588
3572 3904
3575 3618
3584 3840
3588 3812
3591 3762
3591 3838
3595 3695
3596 3688
3598 3808
3605 3807
3609 3854
3612 3818
3616 3791
3618 3876
3624 3693
3627 3731
3630 3853
3643 3868
3654 3757
3654 3936
3656 3933
3666 3697
3673 3819
3678 3694
3679 3709
3681 3893
3682 3917
3683 3749
3685 3767
3685 3890
3690 3819
3693 3901
3697 3846
3703 3894
3704 3776
3706 3893
3709 3719
3717 3875
3725 3835
3727 3887
3731 3895
3743 3863
3763 3936
3766 3795
3787 3893
3797 3820
3826 3914
3830 3876
3832 3858
3881 3888
