0 2714
0 6332
1 2795
2 579
2 2387
3 4245
4 345
4 1750
4 4117
4 5978
5 2549
5 3841
5 5613
6 2383
7 4176
7 5324
7 6423
8 1162
8 4785
8 6621
9 5831
9 6111
9 6184
10 226
10 1936
10 2022
10 3249
10 3386
10 3774
10 5285
11 737
12 5167
13 1482
13 1586
13 3011
14 2216
14 3548
14 5178
14 5862
14 6522
15 3697
15 5224
15 5768
15 6470
16 6388
16 6761
17 5392
18 4835
19 614
19 2601
19 3783
19 4390
19 6835
20 731
20 2210
20 6326
21 640
21 5261
21 6633
21 6696
22 1750
22 5422
22 6577
23 4307
23 6074
24 374
24 4900
25 795
26 454
27 2246
27 2977
28 77
28 4184
28 6350
29 38
29 5921
29 6511
30 3067
30 3836
30 5277
31 1753
31 2896
32 1180
32 3264
32 4217
32 4845
33 1022
33 2631
33 5095
33 5582
34 653
34 1070
35 363
35 3430
35 6833
36 5966
37 1179
37 3242
38 6022
39 4167
39 4358
40 1847
40 3218
40 5930
41 575
41 2800
42 1381
42 5868
42 6817
43 2252
43 5707
44 509
44 1330
44 3209
44 5521
45 3409
45 4053
45 6628
46 1266
46 1655
47 1072
47 3698
47 4719
48 2352
48 4553
49 212
49 1074
49 1801
50 3462
51 585
51 2255
51 2651
51 6565
52 2480
52 5320
52 5631
53 2635
53 4834
53 5822
54 6839
55 2246
56 5769
57 1514
57 1858
58 1770
58 1921
58 3084
59 4095
60 1724
60 2642
60 5656
61 2960
61 5541
62 1999
63 2777
63 4004
63 4198
63 4495
64 3166
64 3733
65 1901
65 1911
65 4764
66 1975
66 4279
66 4322
67 1612
67 3055
67 4521
68 1064
68 1776
68 4399
68 5344
69 1512
69 3002
70 128
70 4054
71 2714
71 2726
71 5015
71 6580
72 651
72 6469
73 3023
73 5592
74 674
74 2411
75 457
75 3201
75 3233
76 1277
76 4995
76 5286
76 6579
77 2098
77 2600
78 2624
78 5873
79 1505
79 2488
80 1066
80 3064
80 4358
80 6525
81 146
81 1223
81 4992
82 2071
82 3513
82 3952
83 5808
84 677
84 1815
84 3998
85 1457
85 5120
86 3326
86 4420
87 3613
88 1553
88 2119
88 6101
89 5910
89 6521
90 3143
90 5331
90 5704
91 2017
91 5349
92 1946
92 4458
92 6251
93 1111
93 3313
94 3076
94 4299
95 2140
95 2667
96 3665
97 5029
97 5300
98 1353
98 6621
99 1192
99 3224
100 6420
101 3736
101 3922
101 5044
102 870
103 4098
103 4683
104 5875
104 6061
105 1844
105 3210
106 2937
106 4026
107 455
107 3177
107 6491
108 2083
108 5664
109 408
110 5772
110 5854
110 6600
111 5440
112 2481
112 3623
112 5693
113 3112
113 3161
113 3543
113 4705
113 5414
114 1015
114 1521
114 1657
114 2696
115 130
115 678
116 916
116 5932
116 6377
117 2186
117 2194
118 2097
118 2442
118 3552
118 4192
118 4624
119 6719
120 1469
120 5228
121 1230
121 1249
121 2178
122 3152
123 3681
124 2329
124 3414
125 2625
125 3286
125 4270
125 5209
125 5297
125 5823
126 2836
126 5328
126 6520
127 5494
128 287
128 404
128 5106
129 4928
129 6618
130 5182
130 5640
131 1361
131 3678
131 3796
131 5659
131 6465
131 6727
132 4936
133 413
134 1857
134 4633
135 4289
136 3417
136 3544
136 4501
137 6204
138 1574
138 4302
138 6774
139 498
139 3210
139 3865
140 2317
140 5862
141 433
141 5841
141 6261
142 2221
142 3679
143 3473
143 3941
144 911
144 2766
144 5124
144 5448
145 2989
146 2050
146 4397
146 5960
147 600
148 329
148 545
149 4563
149 5136
150 2458
150 2698
150 3181
151 3454
152 838
152 4976
153 314
153 6528
154 3702
154 5064
155 1048
156 538
156 1745
156 4432
156 5494
157 2070
157 3717
157 3931
157 6139
158 551
158 4789
158 4842
158 6047
159 3174
159 3780
159 6626
160 2543
160 3196
160 3618
161 2502
161 4812
161 5544
161 6273
162 1808
162 2556
162 4631
163 6476
164 3327
164 6598
165 6023
166 932
167 1658
167 6417
168 922
168 1466
168 4966
168 6192
169 255
169 2604
169 5036
169 6121
170 2133
170 2943
171 1150
171 1468
172 2763
172 6397
173 5847
174 4345
174 4594
174 6065
175 4305
176 745
176 6697
177 1354
177 3310
177 4939
177 5898
177 6320
178 4286
178 6395
179 801
179 2815
180 764
181 1344
182 4999
182 6362
183 1336
184 6742
185 1640
185 2522
185 3261
186 3476
186 4697
186 6557
187 1339
187 2241
187 2693
187 4733
188 850
188 2415
188 5244
188 6823
189 1125
189 3130
189 3840
190 388
190 4546
190 5614
191 833
191 3676
192 1294
192 2427
192 3469
193 4248
193 4956
193 6552
194 5417
194 6709
194 6715
195 3778
195 6761
196 737
196 1963
197 251
197 6277
197 6340
198 5381
199 4978
200 1546
201 444
201 4893
202 2513
202 3060
202 3726
203 347
203 4537
204 1988
204 2996
205 1417
205 4559
205 5007
205 5789
206 4630
207 5506
208 2209
209 1001
209 1609
209 4503
209 5803
210 267
210 3546
210 4350
211 5372
212 4014
212 4217
213 966
213 4291
214 6395
215 246
215 537
215 2660
215 5082
215 6067
216 786
216 1725
216 3171
217 818
217 5225
218 639
218 5046
218 6750
219 308
219 3650
219 6618
220 2314
221 4349
222 4403
223 2976
223 5183
223 6267
224 2079
224 5384
225 298
226 3490
226 4290
226 5712
227 1735
227 2508
227 3183
228 2037
228 2663
229 1712
230 1842
230 3661
230 3889
231 1822
231 2031
231 2773
232 873
232 874
232 1153
232 2002
232 2087
232 6053
233 301
233 1800
233 2576
234 258
234 2033
234 2302
235 1938
235 2894
236 5489
237 799
237 6499
238 2666
238 6366
239 1661
239 2620
239 4134
239 6128
240 2928
240 6157
241 747
241 2773
242 2020
242 3276
243 4636
243 5894
244 3006
244 4179
244 5753
244 6629
245 441
245 2678
245 4576
246 499
246 1646
246 5638
247 4957
247 5123
247 6643
248 5027
248 5736
249 3740
250 446
250 4591
250 5220
250 5430
251 452
252 821
253 2613
253 4639
253 5185
253 6824
254 2236
256 2430
256 6254
257 4592
258 3675
258 6358
259 361
259 3924
259 5851
260 874
260 4648
261 3839
261 4319
262 612
262 5348
262 5386
262 6281
263 700
263 1767
263 2641
263 3585
263 3765
263 4405
263 5475
264 1979
264 5086
264 5166
265 903
266 1495
266 1828
267 1339
267 2885
268 1982
268 2648
268 3671
268 4229
268 4463
268 5609
268 6258
269 2974
269 5323
270 2811
270 3636
270 4237
271 3600
271 4995
272 2092
272 5860
273 663
273 1790
273 5624
273 6632
273 6744
274 1360
274 2759
274 6344
275 1815
275 1875
275 1899
275 4127
276 1329
276 1376
276 4146
277 1420
277 3466
278 971
278 2800
278 4528
279 1585
279 6662
280 767
280 3001
281 1236
282 3643
282 4625
282 5049
283 4524
284 2873
284 4428
284 6726
285 4846
286 1505
286 2704
286 3419
286 6428
287 954
287 1182
287 3876
287 6614
288 2472
288 2799
288 4428
288 4576
289 2494
290 1397
290 1563
290 1573
290 2248
290 2656
290 5973
291 522
291 2476
291 5273
291 6213
291 6489
292 2346
292 6275
292 6433
293 358
293 6525
294 4232
295 3739
295 3758
295 4264
296 1224
297 3577
297 4575
298 1600
298 3845
298 5214
299 5170
299 5406
300 1162
300 6101
302 4008
302 5515
303 569
303 743
303 3219
303 4942
304 3677
305 878
305 1354
306 6125
307 4285
308 2412
308 2857
309 1784
310 1650
311 2307
311 4604
311 5596
312 386
312 774
312 3707
312 4812
313 2866
313 4323
313 4812
314 774
315 3390
316 2321
316 6186
317 4599
318 2439
319 5700
319 5905
320 3257
321 6305
322 1752
322 2180
322 5886
323 4243
323 5437
323 6396
324 915
324 1101
325 3453
325 5187
326 3178
326 3971
326 4605
327 1182
327 1225
327 6712
328 4774
329 983
329 4308
330 604
330 2908
330 3293
330 3941
330 6008
331 3637
331 3849
331 4495
332 590
332 1727
332 4551
332 5962
332 6760
333 4367
333 5095
334 6292
335 3562
335 3937
336 1711
336 3394
337 2402
337 5829
337 6007
338 1395
338 2779
338 3228
338 5336
339 5230
340 2864
341 953
341 3717
341 4827
342 945
343 2154
343 5070
343 6148
343 6832
344 549
344 3841
345 2426
345 3196
345 3376
346 3926
346 5776
347 3093
347 5018
347 5259
348 2090
348 2264
348 5714
348 5941
349 1528
349 4281
350 2013
350 6488
351 2789
351 6636
352 3445
353 3064
354 527
354 5094
355 840
356 3834
356 5309
356 6728
357 866
357 3285
358 5099
359 2440
360 1532
361 1543
361 6072
362 868
362 1045
362 5097
362 5912
363 1331
363 3550
363 6341
364 5211
364 6704
365 777
366 2977
367 1390
367 4452
367 5442
368 772
368 1287
369 1993
369 2043
369 5006
370 5688
371 3049
371 5308
372 3444
373 924
373 6714
375 1076
375 3044
376 650
376 6264
377 739
377 2260
377 2772
377 4073
377 5271
378 2346
378 5582
379 5497
380 5398
381 3675
382 2186
382 3529
383 637
383 5564
384 3513
385 557
385 1247
385 1638
386 1928
387 2573
388 4894
388 5463
388 6570
389 3759
389 5949
390 474
390 4027
390 4496
391 4813
392 477
393 2371
393 3259
393 6805
394 4183
394 6283
395 2920
395 3665
396 2179
396 2405
397 1104
397 6313
398 3297
399 573
399 3882
399 3937
400 2773
400 5051
401 2522
401 5685
402 1589
402 1625
402 2999
402 5115
402 6205
402 6573
402 6615
403 1051
403 1285
403 1846
403 3744
404 434
404 1167
404 3104
404 6523
405 1409
405 3069
405 4615
406 2708
407 1783
407 5318
407 6242
408 6438
409 640
409 3860
409 3959
409 4461
410 1691
410 2611
410 4329
410 6578
411 1581
411 4229
412 1777
413 2276
413 4645
413 5668
414 1442
414 1560
414 1971
414 2847
415 1837
415 4086
415 4487
415 5882
415 6407
415 6423
416 1239
416 3155
417 659
417 3233
417 3302
417 3762
418 1326
418 6383
419 3424
419 5221
419 5226
419 5685
420 3187
420 3356
420 3550
420 3953
420 4510
420 6247
421 3493
421 4819
421 5723
422 762
422 6036
422 6434
423 560
423 2765
423 4199
424 2389
424 4016
424 6573
425 4244
425 6730
426 3069
427 1177
427 2789
428 1183
428 3253
429 2338
430 1020
431 4197
431 6449
432 2165
433 1362
434 5901
435 2408
436 1544
436 2078
437 2052
437 2792
438 2125
438 5069
439 1317
439 6247
440 1000
440 5098
441 1191
441 1703
442 3700
442 4200
442 5258
443 6092
443 6232
444 951
444 3460
444 3925
444 4146
445 586
445 4794
445 4999
446 4728
447 5058
448 3084
449 1785
449 2414
449 5058
449 5605
449 6450
450 1170
450 4343
451 591
451 2818
451 3374
451 3560
452 3741
452 5418
453 3657
454 1578
454 2443
454 3686
454 4704
454 4827
455 2401
455 4411
455 6010
456 694
456 3691
457 901
458 1231
459 1858
460 1245
460 1383
460 4188
460 6256
461 1908
462 2166
462 2460
462 3868
463 1364
463 6771
464 2167
465 2842
466 2916
467 3362
467 3364
467 6257
468 2865
468 4126
469 979
470 1040
471 5983
472 1591
472 5145
473 2221
474 3308
474 6773
475 1104
476 5100
477 1039
478 2386
479 1481
479 1511
479 4011
480 1145
481 5914
481 6089
481 6651
482 1438
483 1200
483 3119
483 5759
484 1446
484 2959
485 2096
485 6060
485 6740
486 543
486 2455
486 5238
487 792
487 3682
487 5295
487 5939
488 1169
488 3059
488 3102
489 6107
489 6287
490 4387
490 6483
491 2680
492 1402
492 5011
492 5883
493 946
493 1996
493 2902
493 3788
493 6243
494 5992
495 1693
495 5575
495 6604
495 6742
495 6825
496 3557
497 5142
498 695
498 1124
498 1283
498 2962
498 6181
498 6299
500 2099
500 6651
501 2418
501 3585
501 5048
502 1487
503 701
503 2226
504 2713
504 5255
505 939
505 5602
506 1977
507 5690
507 6468
508 2675
508 4056
509 820
509 1556
510 2540
510 3507
510 5780
511 1670
511 4306
511 4721
511 4846
512 5586
513 3321
513 4534
514 4486
515 520
515 1355
515 4260
515 5144
516 529
516 5507
517 4082
518 1056
519 949
519 1112
520 5096
520 6604
521 681
521 907
521 6134
522 1566
522 4376
522 5665
523 926
523 3825
523 3923
524 3829
525 3770
526 2188
527 1805
527 2454
528 544
528 1649
528 4908
528 6625
529 571
529 2065
529 2665
530 756
530 1688
530 3215
530 3596
530 3603
530 5502
531 5122
532 1871
532 5214
532 6763
533 2272
533 2314
534 5942
534 6626
534 6664
535 1590
535 6752
536 2699
536 5398
537 1178
537 1303
537 2040
539 5208
539 5733
540 1938
540 3147
541 2632
541 3676
542 2671
543 594
544 5637
544 5751
544 6404
545 4984
546 1096
546 3372
546 6814
547 2333
548 4438
549 5759
550 2190
550 3489
550 4729
551 5534
552 1414
552 5309
553 3935
553 5611
554 5512
554 5658
555 2450
556 800
556 1702
557 1038
557 6258
558 1495
558 2406
558 3807
558 6782
559 3806
559 4354
560 5266
561 6062
561 6064
562 4376
562 4881
563 4405
564 2678
564 4997
565 1028
565 1792
566 1464
566 3663
566 4122
567 3253
567 6435
567 6523
568 4149
569 3838
570 3022
570 3538
571 3223
572 1916
572 4791
572 6363
573 3999
573 5316
573 6127
574 1387
574 1971
574 2044
574 6445
575 6821
576 4639
576 5448
577 2311
577 5588
578 818
578 3621
578 6596
579 4622
579 4787
580 2934
581 3460
581 4396
582 1168
582 5431
583 3883
583 5386
584 4069
585 4004
585 4315
585 5626
586 1047
586 1982
586 3157
586 4277
586 6279
587 5474
588 1843
588 4854
589 3935
589 3965
591 6028
591 6670
592 3275
593 2618
594 2450
594 4677
594 5009
594 6123
595 2177
596 1507
596 3673
596 5294
596 6286
597 778
597 6061
597 6335
598 5625
598 6646
599 2299
599 2804
600 1703
600 1887
600 3210
601 1429
601 3606
602 838
603 1209
603 1528
603 1705
605 1639
605 2244
606 1274
606 1791
607 6046
608 1564
608 3742
609 3104
609 6273
610 2726
610 4433
611 1698
611 4591
612 4658
612 6396
613 4089
614 2116
614 3179
615 3246
616 5996
617 2958
617 6328
618 676
618 6648
619 2640
619 3626
620 6274
621 2585
621 3175
621 4092
621 4303
622 1892
622 4426
622 4610
623 1912
623 2282
624 2991
624 5102
625 4647
625 6484
626 3357
627 4331
628 3952
629 2509
629 3503
630 785
630 1332
630 4888
631 6217
632 3987
632 4070
632 5413
633 868
633 1249
633 4571
633 4959
633 6444
634 1965
634 2205
635 1998
636 4162
637 5901
637 5945
638 967
638 4183
638 5285
639 4352
641 785
641 2704
641 5240
642 1975
643 5711
644 1364
644 5298
645 1560
645 2650
646 1832
646 3075
646 6124
647 5639
647 6617
648 1208
649 1657
649 4415
649 5275
649 5984
650 2952
650 5635
651 5921
651 6366
652 3586
652 4345
652 4653
652 6637
653 3805
653 5342
653 5740
653 6161
654 5387
654 5731
654 6670
654 6735
655 665
655 1883
656 4336
657 2196
657 4108
657 5146
657 5591
658 1630
658 5747
658 6487
659 3337
660 2026
660 6023
661 1790
661 3334
662 3697
662 5683
663 2342
663 2767
663 3968
663 4508
664 2176
664 4526
665 716
665 856
665 877
665 1328
665 1486
665 2643
665 6438
666 5436
666 5632
667 3539
668 3081
669 6090
670 3296
670 3763
671 2418
671 3062
671 3853
672 3272
672 4330
672 4445
672 5084
672 5652
672 6731
673 1035
673 3002
675 860
675 1494
675 4020
675 4162
675 5880
678 3312
679 1969
679 6478
680 1303
680 3203
681 1862
681 3486
682 897
682 5502
682 6415
683 3906
683 5559
683 5888
684 5771
685 2040
685 5072
686 950
687 1834
687 3610
687 6375
688 3508
689 3786
689 6671
690 2317
691 1951
691 5354
692 2328
692 4444
693 1724
694 1797
694 2589
694 4571
694 4744
695 5285
696 6030
697 2831
697 4162
697 4567
697 5394
697 6034
698 3286
699 4678
700 2306
700 3793
700 6154
700 6255
701 2469
701 3182
702 1226
702 3759
703 1672
703 3188
703 3651
704 862
704 1058
705 1481
705 3933
705 5800
706 1819
706 3250
706 3402
706 3951
707 902
707 979
707 1081
708 1549
708 4347
708 5887
709 814
709 4979
710 1776
710 1927
710 5806
711 1650
711 2986
712 1357
712 1451
712 1509
712 1546
712 2289
712 3175
713 3048
714 736
714 3863
714 5684
715 1307
716 6490
717 1726
717 4335
718 4872
719 5841
720 969
720 1268
720 2667
721 1620
721 2839
721 3429
722 1025
722 6200
723 1537
723 2246
723 3042
724 6521
725 2577
725 4677
726 1356
726 3991
726 4125
726 6408
727 3133
728 1733
729 6160
730 2612
730 2987
730 5087
731 3283
732 741
732 1188
732 6311
732 6493
733 5509
733 6832
734 5832
735 869
735 5363
737 3942
737 4116
737 5767
738 4322
738 4464
739 3632
739 3856
740 2085
740 4639
741 2590
742 4481
742 4842
742 4977
743 4067
744 896
744 3440
744 4422
744 6463
745 3978
746 4955
746 5141
747 4891
748 4457
748 4513
749 1887
750 1139
750 6666
751 1454
751 1742
751 2640
751 5674
752 1401
752 1876
752 6158
753 1282
753 3292
753 3994
753 6165
754 1966
755 2221
755 3926
755 4228
755 6539
756 3478
757 1426
757 6072
758 1531
758 1610
759 2047
759 3686
760 3038
761 1820
761 4618
762 1220
763 850
763 3408
763 4136
763 5965
764 3688
765 2821
765 2880
765 3755
765 4725
766 4690
767 2117
767 4467
768 3834
769 1538
769 1859
769 3855
769 6395
769 6421
770 2590
770 2942
770 4814
771 6073
772 3100
773 4974
775 908
776 1611
777 1176
777 5075
778 6428
779 2127
779 3670
780 3448
780 6552
781 1253
781 4982
781 5235
782 4797
782 6448
783 940
783 1401
784 2666
784 3411
785 2404
785 2968
786 3049
786 5073
787 1642
788 2590
788 5898
788 6204
788 6438
789 2102
789 2324
790 1155
790 2229
790 4602
790 5810
790 6771
791 2120
791 6116
792 2672
792 5036
792 6490
793 3557
793 4349
793 6657
794 3830
794 5904
795 2682
795 5478
795 6414
796 6413
796 6652
796 6670
797 5805
797 6606
798 864
799 3994
800 5847
801 5976
802 4941
803 5159
804 4656
804 6401
805 1917
805 2848
805 4628
806 5376
806 6400
807 3845
808 2415
809 6503
810 4222
811 982
811 1818
812 874
812 3537
812 4297
813 4445
814 2857
814 4643
814 4835
815 3431
815 5852
815 6389
816 2230
816 5998
817 3464
818 1879
818 3661
818 4461
818 6022
819 2874
819 3317
819 3503
819 3672
820 5539
820 5811
821 1215
821 1889
821 5138
821 5465
822 2337
823 2254
823 5349
823 5662
824 2240
825 6501
826 828
826 3139
826 3754
826 5421
826 5926
827 3576
827 4923
828 5311
828 5589
829 3062
829 4937
830 2837
830 6373
830 6680
831 2224
832 1087
833 1973
834 1086
834 1132
834 2758
834 6385
835 5928
836 5557
837 2865
837 5880
837 6013
839 4335
840 4610
841 1835
841 2226
841 3712
841 4318
841 6253
841 6264
842 2774
842 3218
843 2839
843 4594
844 4069
845 2092
845 3590
846 1837
846 1963
846 3165
846 5086
846 6172
847 2232
847 3324
847 4109
848 3782
849 1428
849 4596
850 1856
850 6347
851 2707
851 5352
851 6493
852 1417
853 2662
853 6165
853 6368
854 3999
855 1765
855 2340
855 5757
855 6219
856 4610
856 6647
857 3637
857 4029
857 4128
857 5601
857 5678
858 1610
858 2862
858 3523
859 6413
859 6688
860 2533
861 1823
862 4132
862 4400
862 5302
863 6303
864 1035
864 5461
865 2706
865 6156
866 2401
867 1954
867 6738
868 3535
869 1348
869 3277
869 3280
870 5255
871 4887
872 3896
872 4172
874 2360
874 4936
875 3133
876 1271
876 5028
877 2725
877 3249
878 6694
879 887
880 2263
880 6201
881 2432
881 5890
881 6267
882 1207
882 3202
883 2012
883 3215
883 3556
884 2540
884 4435
885 1814
885 3130
885 3410
885 4616
886 2068
886 3288
886 6121
887 3002
887 4798
887 6685
888 2495
889 3351
890 3024
890 3084
890 3620
890 4178
891 4540
891 5818
892 6374
893 5535
894 3242
895 2752
895 3443
895 3515
895 4255
895 6340
897 1732
898 1992
899 2323
900 5642
900 5977
901 2762
901 4054
901 5552
902 2493
902 5581
902 6307
903 1771
903 3886
903 4344
904 3975
904 4362
905 3295
905 4989
906 2169
906 5118
908 4207
909 2441
909 4793
909 6236
909 6640
910 5773
911 2536
911 4717
912 2734
913 1455
913 1806
913 5073
913 6567
914 3408
914 4357
914 4796
914 6291
915 2620
915 4381
916 2563
916 2725
916 4189
917 2114
917 4103
918 1297
919 5296
919 6239
920 4513
921 3010
921 4091
921 5838
922 4861
923 2273
923 6251
924 6399
925 4511
927 1674
927 4452
927 4977
927 5411
927 6260
928 1675
928 3379
929 2399
929 3043
929 5661
930 4927
930 5104
931 5014
931 5223
932 1153
933 3008
933 6568
934 6251
935 2421
936 1010
936 3875
936 6178
937 2543
938 1209
938 2527
939 1707
941 4955
942 4074
942 6106
943 5149
943 6218
944 4512
944 4737
944 4772
944 6468
945 1707
945 3647
945 5128
946 3128
946 3348
947 4118
948 1715
948 2411
948 2860
948 6583
949 2460
949 2721
949 4035
949 4484
950 1450
950 5816
951 1519
951 3184
951 5337
951 6237
952 2016
952 2278
953 1289
953 4025
955 1898
955 4139
955 4838
956 1607
956 2098
957 1884
957 3872
957 5352
958 1434
958 5772
959 3903
959 5646
960 6245
961 3665
962 5776
963 4928
964 1368
964 4216
964 6185
964 6413
964 6831
965 1760
965 2922
967 2110
968 3532
968 6438
969 3333
970 2248
970 4033
972 1878
972 3169
972 5261
973 3866
973 3896
973 4858
974 5327
975 2975
976 1007
976 1663
976 6333
977 3985
977 6671
978 5134
978 5420
978 5664
979 1006
979 1578
979 3335
979 3813
980 6585
981 3016
981 4700
982 2036
982 3091
982 4933
982 5143
983 1701
983 6376
984 4384
984 4809
984 6088
985 3632
986 3039
986 5659
987 4124
987 4790
988 4528
989 3803
989 5778
990 4343
990 6134
991 1720
991 5447
992 1501
992 3612
993 2887
993 6781
994 2271
994 2610
994 4527
994 4769
994 5903
994 5907
995 1841
995 5018
996 1287
996 2507
996 4850
997 1051
997 1624
997 3825
998 4303
999 1401
999 2101
999 2707
1000 1844
1000 2471
1000 4937
1000 5191
1000 5496
1001 1246
1001 1425
1001 1926
1001 2481
1001 2881
1002 3641
1002 4117
1002 4257
1002 5500
1003 2052
1003 3921
1004 4174
1004 6511
1004 6666
1005 5642
1006 2941
1007 2023
1008 3647
1009 3905
1010 5461
1010 6052
1011 3945
1011 5214
1012 2364
1012 2406
1013 1750
1013 2876
1013 4288
1014 3704
1015 1020
1015 3228
1016 2845
1016 3487
1016 3664
1016 4449
1017 1328
1018 2492
1018 6083
1019 1136
1020 1258
1020 3655
1020 6254
1021 2207
1021 4395
1022 2585
1022 5056
1023 2057
1023 6580
1024 5139
1025 1302
1025 2740
1025 6647
1026 1570
1026 2185
1026 2985
1027 3910
1027 5441
1028 2002
1028 4756
1029 6362
1030 3233
1030 6167
1031 1919
1032 1340
1032 3455
1033 5503
1034 6374
1036 1262
1036 4151
1036 4503
1037 4231
1037 4701
1038 1305
1038 1906
1038 4632
1038 6202
1039 6646
1040 3121
1041 1639
1041 3967
1042 3247
1042 4162
1042 4729
1043 2718
1043 2873
1043 4611
1044 2270
1044 2816
1044 3408
1044 3590
1044 4226
1045 2935
1045 6477
1046 4093
1046 4300
1046 5089
1047 2637
1047 5507
1048 4369
1048 5246
1048 6426
1049 1456
1049 4555
1049 4767
1050 4238
1050 5843
1051 1415
1051 3606
1051 4948
1052 1628
1052 1889
1052 2845
1052 2884
1053 4442
1054 1135
1054 2226
1055 1894
1055 3094
1055 3337
1055 3807
1055 5869
1056 3422
1056 3499
1056 4019
1056 4251
1056 5548
1056 5810
1057 2201
1058 4211
1058 4634
1059 4836
1060 1073
1060 3202
1060 3557
1060 5917
1061 2042
1061 3819
1062 3093
1062 6702
1063 4900
1064 2998
1064 5408
1065 2688
1066 1358
1066 2946
1066 3024
1066 4206
1066 5405
1067 2670
1067 4675
1067 5937
1068 1765
1068 4088
1068 5316
1069 1597
1071 1395
1071 1614
1073 3427
1074 2521
1074 5621
1075 3070
1075 4279
1075 4904
1076 5824
1077 1519
1078 1661
1079 1221
1079 3914
1079 4396
1079 6785
1080 2418
1080 2420
1080 2602
1081 6663
1081 6835
1082 3086
1082 4276
1082 5534
1083 6146
1084 1671
1085 1531
1085 3611
1085 6460
1086 1682
1086 2587
1086 5210
1087 4527
1087 5120
1088 2800
1088 5288
1088 6147
1089 2675
1089 2677
1090 4463
1091 4711
1092 1362
1093 2447
1093 3715
1094 1971
1094 4642
1094 4868
1095 4908
1096 6675
1097 1655
1097 5451
1098 1662
1099 4879
1099 5131
1099 5665
1100 6365
1101 5416
1102 2084
1102 6596
1103 1792
1103 3618
1103 3818
1103 3987
1103 4854
1103 6079
1105 3505
1105 6311
1105 6345
1106 3498
1106 4223
1106 6622
1107 1648
1107 1827
1107 6373
1108 3502
1108 4070
1108 5790
1109 1758
1109 3023
1110 3824
1112 3065
1112 3695
1112 3879
1113 2111
1113 4237
1114 1806
1115 2057
1115 6778
1116 2693
1116 4617
1116 5145
1117 2003
1118 1315
1118 1727
1119 4936
1120 3578
1120 3756
1121 4338
1121 6430
1121 6514
1122 5968
1122 6510
1123 6030
1124 4800
1125 2598
1126 1486
1126 2744
1126 3167
1126 4841
1126 5074
1127 3239
1127 3688
1128 1147
1128 5759
1129 2025
1130 3585
1131 3619
1132 2204
1133 2809
1133 5749
1134 6302
1135 1566
1136 5913
1137 1517
1137 3781
1138 1883
1138 4512
1138 5479
1139 3250
1139 6430
1140 1731
1140 1973
1141 2978
1141 5375
1142 3822
1142 6736
1143 1687
1143 5264
1144 2153
1144 3406
1144 6249
1144 6402
1145 4286
1146 2120
1146 3899
1146 4294
1146 5688
1146 5841
1147 3204
1148 1164
1148 2735
1148 4024
1148 5425
1149 4765
1149 5986
1150 3877
1150 6721
1151 1390
1151 2024
1152 4610
1153 1497
1153 5104
1154 5333
1155 2812
1155 5008
1155 5481
1155 6618
1156 4478
1156 6434
1157 4220
1158 4880
1158 6156
1159 4198
1159 4637
1159 5377
1159 5918
1159 6737
1160 2125
1160 3521
1161 6695
1162 3111
1163 4375
1164 2615
1164 4383
1164 6644
1165 2619
1166 6066
1167 3063
1167 4719
1167 6216
1168 5837
1169 2331
1169 3028
1170 2587
1170 3362
1171 1305
1171 2869
1171 4741
1172 3461
1172 6770
1173 2471
1173 5121
1174 1694
1174 4811
1174 6150
1174 6310
1175 3229
1175 5021
1175 6531
1176 1367
1176 1446
1176 2759
1176 3149
1176 3782
1176 5743
1179 2546
1180 6762
1181 2576
1182 1801
1182 3229
1182 3246
1183 4963
1184 2869
1184 4215
1185 3218
1185 5996
1185 6112
1186 3217
1187 2143
1187 2876
1188 1964
1188 3275
1188 5838
1189 2767
1189 5849
1190 1362
1190 1615
1190 3032
1190 3570
1190 4245
1190 5393
1192 1257
1192 1279
1192 3806
1193 1245
1193 1492
1193 3474
1193 5601
1194 3461
1194 5021
1195 1966
1195 6395
1196 2333
1196 3999
1197 5361
1198 6042
1199 5949
1200 3891
1201 4313
1201 4955
1201 5144
1202 1329
1202 2446
1202 4107
1203 5493
1203 6041
1204 1692
1204 6780
1205 1295
1205 1949
1205 3291
1206 2888
1208 3878
1209 2177
1209 4060
1209 5186
1210 2934
1210 3801
1210 3861
1211 1872
1212 1365
1212 4788
1212 5130
1213 2532
1213 2860
1213 3711
1214 4728
1214 4798
1214 6045
1215 3003
1215 3776
1216 2520
1216 2949
1217 3743
1217 4835
1218 2565
1218 2581
1218 4719
1219 3017
1219 4989
1220 3715
1221 3806
1221 3817
1222 3477
1222 3973
1223 4514
1224 4409
1226 1562
1226 3511
1227 3048
1227 4889
1228 5942
1229 3908
1229 5684
1229 5797
1231 3240
1231 4590
1231 6395
1232 3533
1232 4195
1233 2575
1233 4343
1234 3661
1234 4806
1235 5352
1236 3268
1236 4954
1237 4217
1237 6621
1238 1522
1238 5653
1239 2085
1240 2069
1241 3940
1241 5896
1241 6020
1242 1572
1242 4758
1242 4859
1242 5724
1242 6290
1243 2554
1243 4135
1244 1644
1244 5891
1244 6726
1245 3876
1246 2344
1246 2868
1247 1721
1247 5007
1248 6123
1250 1325
1250 5654
1250 6820
1251 3610
1251 5585
1251 5822
1252 2696
1252 4445
1253 3004
1253 4931
1254 4068
1255 4332
1255 5649
1256 2203
1256 3185
1256 6588
1258 2128
1258 4166
1258 4505
1258 4788
1258 6261
1259 3440
1259 4253
1259 4781
1260 3435
1260 5957
1261 2819
1261 4490
1261 5102
1261 6055
1261 6317
1262 1788
1262 2280
1262 2375
1262 5262
1263 3907
1264 1333
1264 5556
1265 4264
1266 1905
1266 2724
1267 6176
1268 1323
1268 4133
1268 5653
1269 1428
1269 3137
1269 4483
1270 5543
1270 6314
1271 5714
1272 2770
1272 2848
1273 1473
1273 3070
1273 3532
1273 6803
1274 1292
1274 3882
1275 4569
1275 4874
1276 4860
1277 2669
1277 2746
1277 3116
1277 4239
1277 6118
1278 5432
1280 3205
1280 6772
1281 1711
1282 2064
1282 6684
1283 1312
1283 5069
1284 1634
1284 6206
1285 2704
1285 6469
1285 6691
1286 2711
1287 5122
1288 2973
1289 3227
1289 5196
1289 5697
1290 1665
1290 6234
1291 2756
1292 2624
1292 2692
1293 2905
1294 5620
1295 2605
1295 2781
1295 5347
1295 6156
1296 2016
1296 3931
1297 2526
1297 4364
1297 4482
1298 4091
1298 4910
1299 2259
1300 3439
1300 4255
1301 2836
1301 5081
1301 6814
1302 3602
1302 5153
1304 1483
1305 2269
1306 2927
1306 3808
1306 5808
1307 3079
1307 6542
1308 1411
1308 5845
1309 5475
1310 5458
1310 5572
1311 4093
1311 5474
1311 6088
1313 1925
1314 3342
1315 3098
1316 4903
1317 5003
1317 6586
1317 6599
1318 1818
1319 4355
1319 5534
1319 5568
1319 6278
1320 2164
1320 3330
1320 4036
1321 1340
1321 3077
1321 5167
1322 5153
1322 6767
1323 1825
1323 5832
1324 2290
1324 3602
1324 6056
1327 2164
1327 2199
1327 2326
1327 3531
1327 5971
1328 2140
1328 3567
1328 6254
1329 5306
1330 3644
1332 2760
1332 4662
1332 5508
1334 2744
1334 2972
1334 5777
1335 3484
1336 2412
1337 1448
1337 4007
1338 6233
1339 2048
1340 1981
1340 6153
1341 3996
1342 2915
1342 4339
1343 4951
1343 6604
1344 3267
1345 2338
1345 3137
1345 4955
1345 5801
1346 2097
1347 5540
1349 5102
1350 6096
1351 1652
1351 2641
1351 5353
1352 2915
1352 6594
1355 2283
1355 3588
1355 4627
1355 5283
1355 5325
1356 2796
1356 2889
1357 3050
1357 3389
1357 4256
1357 4789
1358 3444
1358 4946
1359 3663
1359 4914
1360 2828
1360 6265
1360 6741
1361 3848
1361 4237
1363 2076
1363 3400
1365 1658
1365 3368
1365 4753
1365 4826
1366 4897
1366 6473
1367 2638
1367 3844
1367 4440
1367 5181
1368 6711
1369 1535
1369 3857
1369 4375
1369 6096
1370 1896
1371 3998
1371 6173
1372 1441
1372 2724
1372 4584
1372 6215
1373 3162
1373 5893
1374 3765
1374 4772
1374 6289
1375 1612
1375 3337
1375 3670
1375 5830
1376 3766
1377 4029
1378 2439
1378 5197
1379 5056
1380 2493
1380 5556
1381 1917
1381 2942
1381 3727
1381 5198
1381 5906
1382 4118
1383 5126
1384 4460
1385 5204
1386 2087
1386 2862
1386 3250
1387 6508
1388 5264
1389 3775
1390 3099
1391 3918
1392 4286
1392 4479
1393 3100
1393 3458
1393 4639
1393 6538
1394 5147
1394 6188
1395 1524
1395 2780
1395 5711
1396 3393
1396 4358
1396 4477
1396 5869
1398 2622
1398 5943
1399 4121
1400 3027
1400 3138
1401 5947
1402 5396
1402 5959
1403 6784
1404 2915
1404 4970
1404 6563
1404 6619
1405 6631
1406 1426
1406 1881
1406 5404
1407 2281
1407 5233
1407 5641
1407 6517
1408 4908
1410 5830
1410 6176
1410 6822
1411 3149
1412 1671
1412 2200
1412 5784
1413 1765
1413 3254
1413 4605
1413 4637
1414 6565
1416 2928
1418 1587
1418 2146
1418 4844
1419 2283
1419 2635
1419 5777
1420 4572
1420 5100
1421 4729
1421 5560
1422 5001
1423 5214
1424 4832
1425 3155
1425 4694
1426 6218
1427 6365
1428 4044
1430 2871
1430 5807
1431 1510
1431 5495
1431 6656
1432 2421
1432 2514
1433 2599
1433 6430
1434 1951
1435 2762
1435 3253
1435 3692
1436 2559
1436 6645
1437 1656
1438 2730
1438 3596
1439 1589
1439 2349
1439 5691
1440 3742
1440 5126
1442 4827
1443 2004
1444 5430
1444 5456
1444 6818
1445 4449
1445 5792
1446 5082
1447 4780
1448 6314
1449 1945
1449 3840
1449 5859
1450 4211
1452 1947
1452 3866
1453 1570
1454 3075
1455 3801
1456 1590
1456 2628
1456 2902
1457 6323
1457 6749
1458 1631
1458 2583
1458 5648
1459 3687
1459 6086
1460 4590
1460 6035
1461 1550
1461 2267
1462 5450
1462 6108
1463 1502
1464 1553
1464 1645
1464 1985
1464 4742
1464 5089
1464 6165
1465 1669
1465 1970
1466 3756
1466 5913
1467 2910
1467 6578
1468 2194
1468 3711
1468 5132
1469 2006
1469 5066
1469 6532
1470 3708
1471 3140
1471 5997
1472 3444
1474 2737
1474 4154
1474 6098
1474 6664
1475 1681
1475 2668
1476 4462
1477 3775
1477 6413
1478 4582
1478 6277
1479 2702
1480 2423
1480 6654
1481 2568
1481 4330
1482 3654
1482 6266
1483 2554
1483 5738
1484 2135
1485 2905
1485 4420
1485 6601
1487 4099
1487 5795
1488 2132
1489 4133
1489 5038
1489 5316
1490 3303
1490 6554
1491 3554
1492 3451
1492 3607
1492 4002
1492 5719
1493 5409
1494 2054
1495 3199
1495 5106
1496 1973
1496 6555
1497 6261
1498 2463
1499 4956
1499 5189
1500 4284
1501 3055
1501 5152
1502 3738
1503 3455
1503 6654
1504 5046
1505 2873
1506 2665
1507 4040
1507 4345
1507 5720
1508 3857
1509 3398
1510 1558
1510 2770
1510 4518
1511 4078
1512 2574
1512 3957
1512 5159
1513 2607
1514 6407
1515 3965
1516 5022
1516 6031
1517 4492
1517 5451
1517 6338
1518 3043
1518 5440
1519 2558
1519 4395
1519 6607
1520 3227
1522 4886
1522 5558
1523 2662
1524 2996
1525 2877
1525 3404
1525 5924
1526 6697
1527 5149
1528 2452
1528 4069
1529 1818
1529 1934
1529 3045
1529 3864
1529 6439
1530 4851
1530 4975
1531 3516
1531 4680
1531 4843
1531 5895
1531 6093
1532 2871
1532 3424
1532 5699
1533 1675
1533 2547
1533 3865
1533 4810
1534 5460
1536 1998
1536 5355
1536 6117
1537 1856
1537 5403
1538 4818
1539 3020
1539 3276
1539 5860
1540 2675
1540 6296
1541 2275
1541 4304
1541 4411
1541 6794
1542 1712
1542 3432
1542 3518
1544 2587
1544 2833
1544 3666
1544 4088
1545 1765
1546 2791
1546 2833
1546 6171
1547 1781
1547 4443
1548 3791
1548 4026
1548 6206
1549 4987
1550 6688
1551 4785
1552 2322
1552 4612
1553 2736
1553 4588
1554 1850
1554 3605
1554 5217
1555 2632
1556 2618
1556 2835
1556 3392
1556 5430
1557 2289
1557 2926
1557 3440
1558 1966
1559 4406
1560 4358
1561 1637
1561 5625
1562 6641
1563 5177
1563 6770
1564 4306
1565 3980
1565 4271
1565 4293
1565 6522
1565 6620
1566 2068
1566 2709
1567 2894
1567 3624
1567 4045
1567 4545
1568 4156
1568 5669
1569 2351
1569 4356
1570 5291
1571 3147
1571 5538
1572 6804
1573 2944
1573 3623
1574 4361
1574 6091
1575 4317
1576 6255
1577 3227
1577 6221
1579 6581
1580 2537
1580 2786
1580 3934
1580 5832
1582 1638
1582 3617
1583 3533
1583 3672
1584 2739
1585 2419
1585 5917
1586 5009
1586 5739
1586 6281
1587 1722
1587 2377
1588 5666
1589 4364
1590 1906
1590 2008
1590 4745
1591 5186
1592 2950
1593 1822
1593 2321
1594 4947
1595 3047
1596 4297
1596 4885
1597 3359
1597 4136
1597 4501
1598 1691
1598 2459
1598 3815
1598 5282
1599 3669
1600 1952
1600 4391
1600 5766
1601 3277
1602 3500
1603 4361
1604 4959
1604 5255
1605 2188
1605 5803
1606 2852
1607 3436
1608 5007
1609 3587
1611 1919
1611 2697
1611 3378
1611 3947
1613 2128
1613 2280
1613 4480
1615 3380
1615 4489
1616 2258
1616 2694
1617 2283
1617 2942
1618 5939
1619 5271
1619 5934
1619 6393
1620 2324
1620 4283
1621 3796
1622 6491
1623 4457
1623 6705
1624 2736
1624 2959
1624 3881
1625 5444
1626 4489
1627 2202
1628 4584
1629 2425
1629 6224
1630 3508
1630 4022
1630 5717
1631 3303
1631 4380
1632 2524
1633 3113
1635 2756
1636 5831
1637 3060
1638 3387
1639 5596
1639 6288
1640 3244
1641 6063
1642 2300
1642 2582
1643 2500
1643 4346
1643 4735
1644 4052
1644 4371
1644 4675
1645 3887
1645 4553
1647 5748
1648 2846
1648 3823
1648 3838
1650 3920
1651 4915
1651 6828
1653 3309
1654 3543
1654 4472
1656 2409
1656 6636
1656 6781
1657 4039
1657 4062
1659 5009
1659 6427
1660 5291
1662 6834
1663 1929
1663 2442
1664 6586
1665 3098
1665 4008
1665 6141
1666 4229
1666 5142
1667 6648
1668 2592
1668 3495
1669 3411
1669 5454
1669 5839
1670 4095
1671 3648
1672 3113
1672 3233
1672 3597
1672 3803
1673 3694
1674 5518
1675 4020
1676 2879
1676 6067
1677 4253
1678 3493
1678 6393
1679 4976
1679 6426
1680 1950
1680 2832
1680 5684
1680 5855
1680 5884
1681 2294
1682 6276
1683 2620
1683 3074
1683 3373
1683 6506
1684 4037
1684 5067
1685 2904
1685 3161
1685 4007
1685 4802
1685 5284
1686 3874
1687 2018
1688 5200
1688 6729
1689 5895
1689 6584
1690 4185
1690 6202
1690 6551
1691 3900
1691 3901
1693 3462
1694 6066
1694 6162
1695 1880
1695 3893
1695 6713
1696 2269
1696 4170
1697 2479
1697 3734
1697 5438
1697 5730
1698 3942
1699 2684
1699 5382
1700 1991
1700 6436
1700 6624
1701 2579
1701 3097
1701 3513
1701 6180
1702 2180
1702 5311
1702 6270
1703 3918
1703 4431
1704 3672
1705 2404
1705 4181
1706 2753
1706 4108
1706 4212
1707 2938
1707 4749
1708 1764
1708 6470
1709 2148
1709 5372
1710 3176
1710 3480
1710 4901
1710 5835
1711 4407
1711 4617
1711 6624
1712 3405
1712 6512
1713 1994
1713 3273
1714 2436
1714 2691
1714 2723
1715 2378
1716 1992
1717 3194
1717 4787
1717 4997
1717 5680
1717 5956
1718 1829
1718 4592
1718 5367
1719 2319
1720 5844
1722 2129
1722 2839
1722 6138
1723 3555
1723 5773
1723 5911
1727 6120
1727 6249
1728 1825
1728 2871
1728 3340
1728 3606
1728 4487
1728 4661
1728 5326
1728 5607
1729 3048
1730 2304
1730 5133
1731 6087
1732 2380
1733 6803
1734 3817
1736 6770
1737 3361
1737 3383
1737 3766
1737 5964
1738 5086
1738 5852
1739 2467
1739 6197
1739 6775
1740 6827
1741 2301
1741 2817
1742 3921
1743 2382
1743 3943
1743 4918
1744 4553
1745 1981
1746 4214
1747 5673
1747 5992
1748 3466
1748 4380
1748 4490
1749 4627
1749 5565
1749 6565
1751 4903
1752 5600
1752 5895
1752 6771
1753 4404
1753 4905
1754 2204
1754 3853
1755 3115
1755 5133
1756 4626
1757 4374
1757 6147
1758 2128
1758 3958
1758 6723
1759 5680
1760 3947
1760 4028
1760 5030
1761 2945
1762 5981
1762 6201
1763 4687
1764 5163
1764 5601
1764 5685
1765 1927
1765 2687
1765 3291
1765 4371
1766 6787
1768 2899
1768 3627
1769 3053
1770 5968
1772 1786
1772 2212
1773 6259
1774 2124
1774 2241
1774 2313
1774 5524
1775 6683
1776 2681
1776 2749
1776 5251
1777 6524
1778 2958
1778 6151
1779 2100
1779 4186
1780 2191
1780 2811
1780 3698
1780 4720
1780 5391
1781 4473
1782 5012
1782 5380
1783 3593
1784 6095
1786 1954
1786 2703
1786 3588
1787 5214
1788 3806
1789 2838
1789 4141
1790 2170
1791 4929
1792 5332
1793 3162
1794 3401
1794 3863
1794 4452
1795 5479
1796 3290
1796 6532
1797 3028
1797 5261
1797 6070
1798 2985
1798 5070
1799 6279
1800 5126
1801 4084
1801 4945
1802 2591
1802 3879
1803 2996
1803 5893
1804 6244
1804 6830
1805 2561
1805 3944
1806 3191
1807 2068
1807 5814
1809 4233
1809 5360
1809 5864
1810 3739
1810 3921
1810 5886
1810 6424
1811 6356
1811 6385
1812 2415
1813 3924
1813 4553
1813 5877
1814 4502
1815 3489
1816 2633
1816 2924
1816 3729
1817 3861
1817 4611
1818 2274
1818 6163
1818 6751
1820 2649
1820 6775
1821 3609
1821 6180
1822 5922
1822 6449
1823 3743
1823 4479
1823 5402
1824 3248
1825 1899
1825 6221
1826 4533
1827 3473
1828 4295
1828 6070
1829 3640
1829 5988
1829 6337
1830 4767
1830 6838
1831 2323
1831 5498
1833 4836
1833 5363
1834 4854
1836 2187
1837 1905
1838 2179
1839 4143
1840 4134
1840 5402
1841 1897
1841 2351
1841 2443
1841 3970
1841 5361
1841 6327
1842 2371
1842 5886
1843 3007
1843 5608
1844 2746
1844 3633
1844 6560
1845 5097
1845 6153
1846 2462
1846 4555
1847 2061
1847 4922
1848 5083
1849 3466
1849 5578
1850 3713
1851 2241
1851 4012
1852 3598
1852 6472
1853 2771
1853 6007
1854 4877
1854 6049
1854 6545
1855 2056
1855 6143
1856 5167
1857 1866
1857 2708
1857 4377
1858 2419
1858 5482
1859 5161
1860 3000
1860 3225
1860 3812
1861 3585
1861 5807
1862 3057
1862 4991
1862 6837
1863 2078
1863 3549
1864 3397
1865 1947
1867 5291
1868 3582
1868 3752
1868 3891
1868 5770
1869 3495
1870 6179
1871 3861
1872 2822
1872 3322
1872 5528
1873 3738
1873 4598
1873 5940
1873 6038
1874 5704
1874 6319
1875 2750
1875 5908
1876 5322
1876 5786
1877 3849
1878 2243
1878 4524
1879 2855
1879 4541
1880 4128
1882 3916
1882 5273
1883 4165
1883 6521
1885 3136
1885 6260
1886 3775
1886 4924
1886 5758
1887 2137
1887 3130
1887 3251
1887 5679
1888 3827
1888 4177
1888 5698
1889 3238
1889 4774
1890 6550
1891 6472
1892 2408
1892 2911
1892 5091
1893 4290
1894 3134
1894 4287
1894 5217
1895 3575
1895 5696
1896 6669
1896 6711
1897 2390
1897 2529
1898 2397
1900 5227
1901 3494
1902 4323
1903 1912
1903 5297
1903 6497
1903 6654
1904 2241
1904 6455
1905 3716
1905 5554
1905 6610
1906 2225
1906 4036
1906 6265
1907 2518
1907 4037
1907 6645
1908 2102
1909 3019
1910 3031
1910 4043
1910 6351
1912 3456
1913 1918
1913 3404
1913 3426
1913 4095
1914 2055
1914 2758
1914 6527
1915 2082
1915 3290
1916 3681
1918 5150
1918 6177
1920 3501
1920 3777
1922 2785
1922 6084
1922 6156
1922 6409
1923 2686
1923 2910
1924 3480
1924 4560
1925 4815
1927 2867
1927 4320
1927 4666
1928 3891
1928 4387
1929 2103
1929 2224
1929 3072
1930 1949
1930 6245
1931 2766
1932 2339
1932 5229
1932 5776
1932 6029
1933 6402
1933 6618
1934 6025
1935 2428
1935 3567
1935 6242
1936 2395
1936 5758
1937 2989
1938 5965
1939 2608
1939 2794
1939 3185
1939 4351
1940 3198
1940 5391
1941 4551
1942 2692
1942 3262
1942 5597
1943 2130
1943 3528
1944 5923
1947 2587
1947 3740
1947 4855
1947 5512
1948 3996
1948 5036
1948 6077
1949 2916
1950 6203
1951 2055
1951 2687
1953 3012
1953 3665
1953 5061
1953 5745
1953 6347
1954 2917
1954 3628
1955 2830
1955 5679
1955 6149
1956 3755
1956 6196
1957 2906
1957 5771
1957 5979
1958 2465
1959 2627
1960 3122
1961 4904
1962 2752
1962 2999
1963 2078
1963 5590
1964 2169
1964 2236
1964 5550
1964 6402
1965 4123
1965 5439
1966 3873
1967 2374
1967 3816
1967 5655
1967 5982
1968 3047
1968 3752
1968 6788
1969 6151
1971 2604
1971 4425
1971 5132
1971 5643
1971 5765
1972 2483
1972 3630
1972 5681
1972 5750
1974 5614
1975 2521
1975 5272
1976 2987
1976 3634
1976 6010
1977 4248
1977 5466
1978 2188
1979 6284
1980 4617
1980 5617
1981 5599
1981 6211
1981 6479
1983 5806
1984 2157
1984 2310
1986 4830
1986 4831
1987 2428
1987 4560
1988 2017
1988 3762
1989 2053
1989 6758
1990 4423
1990 4752
1990 4989
1991 5165
1991 6395
1992 3082
1992 6160
1993 4363
1994 3811
1995 5392
1996 2372
1996 5915
1997 5425
1997 6171
1998 6424
1999 2033
1999 2598
2000 3492
2001 2093
2001 2678
2002 2653
2003 3741
2003 4385
2003 4952
2004 6767
2005 3995
2005 6465
2006 4106
2007 3189
2007 5540
2009 2205
2009 2659
2009 5743
2010 6147
2011 3947
2011 5957
2012 3544
2012 6225
2012 6504
2013 3501
2014 3541
2015 2046
2015 4580
2015 4658
2015 6356
2017 3685
2017 6651
2018 6190
2019 2271
2019 5591
2019 6001
2020 4359
2020 4650
2020 4680
2021 3534
2021 4345
2021 5993
2022 2503
2022 3189
2022 6346
2023 3190
2024 3122
2025 4040
2027 2801
2028 2995
2029 3660
2030 6126
2031 3456
2031 5111
2032 4738
2032 6305
2033 2251
2034 5286
2034 5816
2035 5158
2036 4936
2036 5401
2038 2368
2038 3771
2038 5299
2039 2051
2039 6150
2040 2596
2040 2712
2040 5853
2041 2904
2041 3703
2041 5175
2043 2076
2043 6309
2044 2613
2044 4311
2045 2447
2045 5669
2046 3883
2048 2309
2049 4972
2050 4580
2050 5760
2051 6494
2051 6592
2052 2554
2052 4370
2052 4467
2052 6750
2053 4510
2054 3737
2056 3709
2056 5639
2056 6158
2057 3906
2058 4201
2059 5248
2060 2141
2060 3790
2061 2350
2062 6708
2063 4063
2063 5909
2064 3538
2064 3723
2064 5878
2065 3357
2066 2766
2066 6002
2067 2700
2068 2218
2069 3485
2070 2895
2070 4144
2070 4735
2070 4754
2071 6454
2071 6547
2072 3875
2072 5559
2073 3520
2074 2662
2074 2730
2074 3792
2074 5553
2075 2883
2075 4249
2076 4759
2076 5256
2076 5840
2076 6746
2077 2381
2079 3701
2080 6256
2081 4621
2082 5413
2083 4294
2084 2299
2084 4259
2085 2155
2085 2508
2085 3031
2085 4537
2086 3128
2086 6070
2087 2107
2087 5763
2087 6310
2087 6391
2088 3526
2088 4272
2088 4593
2089 4294
2089 5399
2090 2213
2090 3053
2090 3858
2090 5933
2091 4006
2091 4376
2091 4950
2091 6436
2093 3856
2093 4032
2093 5201
2094 3731
2095 2267
2096 2297
2097 2497
2097 2957
2097 3437
2097 5341
2098 6255
2099 6032
2100 6439
2101 2133
2101 2286
2101 6666
2102 3633
2102 5189
2103 3049
2103 4957
2104 3793
2105 2582
2106 2719
2106 5393
2107 4854
2107 5444
2108 2484
2108 6271
2109 2991
2110 2317
2112 2399
2112 4631
2112 5776
2113 4333
2113 5676
2114 4478
2114 6239
2115 4371
2115 5392
2116 4218
2116 4543
2116 6004
2118 2222
2119 5783
2120 3433
2120 3488
2121 2832
2122 2792
2122 4247
2123 3203
2124 4875
2124 5642
2125 4536
2126 3893
2127 4083
2127 4790
2128 4673
2128 5580
2128 6618
2129 2738
2130 3213
2130 3292
2130 5990
2131 2975
2131 3572
2131 5270
2132 4353
2132 5399
2133 2254
2133 3831
2133 4151
2134 3081
2135 2687
2136 3795
2136 5202
2137 4168
2138 2980
2138 3890
2139 3061
2142 4158
2143 5235
2143 6005
2144 2820
2144 4236
2145 5471
2145 5584
2145 5888
2146 5388
2147 4812
2147 4852
2147 5392
2147 5459
2148 2531
2149 5557
2150 6605
2151 4656
2152 5297
2153 4035
2156 3763
2156 4096
2157 3546
2157 4414
2157 4492
2157 4819
2157 5369
2158 2163
2158 6579
2159 4510
2159 4731
2159 5337
2160 5363
2161 5846
2161 6145
2162 5687
2162 6435
2164 4821
2165 4963
2165 5415
2167 2355
2167 4412
2168 3799
2168 6092
2169 5048
2171 3298
2171 6256
2172 2202
2172 4453
2172 4474
2172 6299
2173 4716
2174 4319
2174 5601
2175 4281
2175 4908
2176 5095
2177 2956
2177 4112
2177 4310
2177 6276
2177 6359
2178 4443
2179 4024
2180 2653
2181 3276
2182 2535
2183 2808
2184 3437
2185 5181
2186 6205
2187 6139
2188 5449
2188 5513
2189 3867
2189 4031
2190 5818
2190 6797
2191 2892
2191 6207
2191 6637
2192 3522
2192 5574
2193 2567
2193 4783
2194 2945
2194 4471
2195 2939
2197 4636
2198 2314
2198 4340
2199 2688
2199 6282
2200 5763
2201 3729
2201 4769
2202 4883
2203 2852
2203 3104
2205 2271
2205 5064
2206 2708
2206 5679
2208 3647
2208 4902
2208 6658
2209 4124
2211 2987
2211 3233
2211 5441
2211 6188
2212 3714
2212 3989
2212 4365
2212 4869
2214 2285
2215 3533
2216 2806
2216 6676
2217 5712
2219 3761
2219 3885
2220 2721
2220 2944
2220 5184
2221 4066
2221 4800
2222 6417
2223 4728
2223 5882
2223 6220
2224 3569
2224 4213
2227 2574
2227 2606
2228 2610
2228 2731
2228 3739
2231 3802
2231 4924
2232 3783
2233 6397
2234 2351
2234 2707
2234 2763
2234 4053
2235 2641
2235 2831
2236 5201
2236 5422
2237 5718
2238 2905
2239 3114
2239 3554
2240 6114
2241 4604
2242 5427
2242 6581
2243 3730
2243 4587
2243 4709
2244 4066
2245 5907
2245 5930
2247 2874
2247 3102
2247 6595
2248 2407
2248 5004
2249 2315
2249 3405
2249 5895
2249 6050
2250 3028
2250 5196
2251 3339
2251 3988
2252 4917
2253 3438
2253 4208
2253 6258
2255 4353
2255 5291
2256 2571
2257 3992
2258 3715
2259 6552
2261 2959
2262 4491
2263 3106
2263 3111
2263 6667
2264 3893
2264 4635
2265 2276
2265 2414
2265 3108
2265 3981
2266 5833
2268 3273
2268 3860
2270 3343
2270 4009
2270 6540
2271 3874
2272 3308
2274 3280
2276 4313
2277 4514
2277 5770
2278 4506
2278 5556
2279 5563
2280 4085
2282 4059
2282 6323
2283 3566
2283 4640
2283 6224
2284 2826
2285 4369
2285 4763
2286 2566
2286 5392
2286 6801
2287 4979
2287 5844
2288 3757
2288 5334
2289 2617
2290 2899
2290 3526
2290 4317
2291 2358
2291 5092
2292 3264
2292 5046
2293 2696
2294 3968
2295 6647
2296 4442
2296 5758
2298 4041
2298 4830
2299 2467
2300 4704
2300 4865
2300 5778
2300 6785
2301 4974
2303 2545
2303 2967
2303 4263
2303 6818
2304 5008
2305 2688
2305 2749
2306 4403
2306 4518
2307 2933
2307 3265
2308 4254
2308 6262
2310 5840
2310 6836
2311 5848
2312 5336
2313 5274
2313 6296
2316 4608
2317 3930
2318 2889
2318 2949
2319 3736
2319 6604
2320 3621
2320 5962
2322 3316
2325 3423
2325 4754
2326 2791
2327 2956
2327 6369
2328 4653
2329 2576
2329 6665
2330 4233
2331 5711
2331 5726
2332 6529
2334 2616
2334 6146
2335 2351
2335 6390
2335 6697
2336 4491
2337 5125
2338 5996
2339 2828
2341 6119
2342 2645
2342 5223
2343 6487
2344 4657
2344 4733
2344 5256
2345 3146
2346 4592
2346 4925
2346 5477
2347 3812
2348 2464
2350 2793
2350 4927
2351 4044
2353 4914
2353 5971
2354 2396
2354 5941
2355 4458
2356 4893
2357 5006
2357 5226
2357 6740
2358 2463
2358 3106
2359 4494
2360 6757
2361 4551
2362 2463
2362 5035
2362 6459
2362 6515
2363 2754
2364 4889
2365 3830
2365 4839
2365 5271
2366 2760
2366 6387
2367 4394
2367 4884
2368 6246
2369 2799
2369 5075
2369 5944
2370 4284
2371 3435
2373 2534
2373 6497
2375 3002
2375 4099
2376 3903
2376 6142
2376 6476
2378 5521
2378 5561
2379 2457
2381 3423
2381 4114
2383 3636
2383 4638
2384 3559
2384 5517
2385 2484
2385 6642
2386 3485
2386 4688
2388 3687
2388 4192
2388 4687
2388 4842
2389 4913
2391 5694
2391 6728
2392 6563
2393 2582
2393 5271
2394 5763
2395 5538
2396 3287
2397 3026
2397 6352
2398 2511
2399 2519
2399 3028
2399 4002
2399 4931
2400 3354
2401 5919
2402 4032
2402 5360
2402 6528
2403 4145
2403 4516
2403 5519
2403 6294
2405 3713
2405 6150
2405 6169
2406 2464
2406 2700
2406 6046
2408 5111
2408 6564
2409 3250
2409 4372
2410 3443
2411 3764
2411 4417
2412 4657
2412 4705
2413 3820
2413 5432
2415 3514
2415 3734
2416 3324
2416 3893
2416 4034
2416 4118
2416 4298
2416 6249
2416 6738
2417 3519
2417 6428
2417 6620
2419 4875
2419 6439
2420 5065
2421 5238
2422 4443
2422 6374
2422 6382
2424 4893
2426 4427
2427 2428
2427 3416
2428 2798
2428 3018
2428 6421
2429 4962
2430 2514
2430 3548
2430 5034
2430 6229
2431 3268
2433 5226
2433 5366
2434 4165
2434 4920
2435 4371
2435 6518
2436 6498
2437 4792
2437 5295
2438 3581
2438 5784
2439 4817
2439 5102
2440 5844
2441 3937
2441 6551
2442 2508
2442 4973
2443 3699
2443 4605
2443 4757
2444 6104
2445 3249
2445 4158
2447 4323
2448 3099
2448 6743
2449 3139
2450 3773
2450 4907
2451 2613
2451 2659
2451 4641
2453 4879
2454 6512
2456 6021
2457 5550
2459 2898
2459 3601
2460 4674
2461 3425
2461 4322
2462 4471
2462 4549
2463 4664
2463 4778
2464 3951
2464 6383
2465 5159
2465 5651
2466 2535
2466 3405
2467 3642
2467 4783
2468 3313
2468 3454
2468 4892
2469 2693
2470 4459
2471 2790
2471 3645
2471 6197
2472 3835
2472 4573
2473 3246
2473 6756
2474 3029
2474 5584
2475 4041
2475 4485
2475 4491
2475 6827
2476 2647
2476 2792
2476 5210
2477 5509
2478 2735
2479 5102
2479 5679
2481 4310
2482 4718
2482 6802
2484 3189
2484 3954
2484 6492
2485 2963
2485 3533
2485 6088
2486 2895
2486 3494
2486 4843
2486 6683
2487 3289
2487 5953
2487 6532
2488 2990
2488 4365
2488 5659
2488 5761
2489 2768
2489 5335
2490 3523
2490 5488
2491 3391
2491 3970
2491 4970
2494 3649
2494 4168
2495 5032
2496 4802
2496 5160
2497 5817
2498 4337
2498 5256
2498 5769
2499 3425
2499 4266
2500 5866
2501 3829
2502 5151
2503 3811
2504 3302
2504 3468
2505 3216
2505 4076
2505 5169
2506 4082
2506 4300
2506 6233
2507 6005
2509 4276
2509 6523
2510 6763
2511 5379
2511 5917
2512 4192
2515 4645
2516 5894
2517 6628
2519 3974
2522 4697
2523 2893
2523 4450
2524 2791
2524 2875
2525 3191
2526 4621
2527 2977
2528 4210
2528 6181
2528 6623
2529 3966
2530 5867
2531 4376
2532 2846
2533 2804
2533 3478
2533 5402
2534 3580
2534 5980
2535 6475
2536 3941
2536 4953
2537 3800
2538 5131
2539 3058
2541 3243
2541 3395
2542 5909
2542 6621
2543 6370
2543 6529
2544 2893
2544 4750
2544 6648
2545 3465
2546 5891
2547 6406
2548 5252
2549 3407
2549 5855
2550 6227
2551 4058
2551 4779
2551 5025
2551 5049
2551 5222
2552 4253
2553 4664
2554 3617
2554 5114
2555 4780
2556 2845
2556 3100
2556 5572
2557 2644
2557 5154
2559 6808
2560 5927
2562 6175
2563 3517
2564 3246
2564 3310
2564 4014
2564 5056
2565 3711
2565 4575
2566 3400
2566 5865
2566 6653
2567 4064
2567 4196
2568 2798
2568 4222
2568 4770
2568 5672
2568 6011
2569 5292
2570 2616
2570 3370
2570 3561
2570 6441
2571 3681
2572 4866
2572 4896
2572 5320
2573 2658
2573 3175
2574 3889
2574 5032
2576 3745
2577 2684
2577 4996
2577 5804
2578 5371
2578 5856
2578 6515
2579 5958
2580 6711
2581 4175
2584 2726
2584 3303
2584 6716
2585 3434
2585 5976
2586 6147
2586 6612
2587 3171
2587 3179
2588 3147
2588 5057
2591 3290
2591 4957
2591 6435
2592 3190
2592 5196
2592 5416
2593 4357
2594 2608
2594 4298
2594 6799
2595 3157
2595 4650
2595 6321
2596 4294
2596 6335
2597 3669
2597 4150
2597 6656
2598 3403
2598 5925
2598 6811
2599 4779
2600 4385
2600 6588
2601 3284
2602 3860
2603 3555
2603 3747
2603 4613
2603 5205
2603 6351
2605 2642
2605 4399
2605 5216
2606 4502
2606 6688
2607 2869
2607 5000
2608 4556
2609 4823
2609 5174
2610 3226
2611 3610
2611 3998
2612 5727
2614 3840
2615 4466
2615 5619
2615 6327
2616 2775
2616 3385
2617 4813
2618 4154
2619 3781
2620 4736
2621 5066
2622 3678
2623 2951
2624 5911
2626 4241
2627 4207
2627 4559
2629 3164
2629 4253
2630 2701
2630 2856
2630 6039
2631 5543
2631 6378
2632 5681
2632 6088
2634 3710
2635 2711
2635 3311
2635 3317
2635 6367
2636 3122
2639 6178
2640 3170
2640 5934
2640 6262
2641 4887
2643 3066
2643 4015
2643 4828
2644 4811
2645 3494
2646 4595
2648 2864
2648 3988
2649 3069
2651 6577
2652 3725
2653 3912
2654 2984
2654 2990
2654 5221
2655 4604
2656 3979
2656 5127
2657 3079
2657 4263
2658 5331
2658 5952
2659 2977
2661 2881
2661 3070
2662 2976
2662 3074
2662 6627
2663 3258
2663 4334
2663 6336
2664 3389
2664 5769
2665 3745
2665 4978
2668 4797
2669 5955
2669 6679
2670 5679
2670 5889
2671 5048
2671 5607
2672 3983
2672 5026
2673 6774
2674 5887
2675 3160
2675 3750
2676 2881
2676 3491
2676 5341
2677 5061
2679 3320
2679 5153
2680 4884
2682 3657
2682 4240
2682 4429
2683 3121
2684 5719
2684 6128
2685 3964
2686 6617
2687 2897
2687 4137
2687 5188
2688 5722
2689 5277
2690 5809
2690 6358
2691 6695
2695 5419
2695 5637
2696 2803
2696 5823
2697 6265
2697 6772
2699 6832
2702 5746
2704 3374
2704 4846
2704 5576
2705 5060
2705 5757
2705 6349
2706 5075
2706 5158
2707 5160
2708 2802
2708 3366
2708 3725
2708 3993
2709 6041
2709 6374
2710 6224
2712 3680
2713 4848
2714 2810
2714 3210
2714 6571
2715 3232
2715 4116
2716 3086
2716 5780
2716 5941
2716 6332
2717 4085
2719 2928
2719 3298
2720 2757
2720 3624
2721 6495
2722 3684
2723 4152
2723 6313
2724 6768
2726 2838
2726 4340
2727 5314
2728 3356
2728 3376
2729 3167
2729 4044
2729 5437
2730 6362
2731 6320
2732 4376
2732 6152
2732 6203
2733 4776
2733 6109
2734 3078
2735 3662
2735 4579
2735 5131
2735 6635
2736 4700
2737 5848
2737 5996
2738 2936
2739 4576
2740 3452
2740 4335
2741 4873
2741 6155
2742 4294
2742 6652
2743 4133
2743 5141
2743 5688
2744 5051
2744 5716
2744 5940
2745 6648
2746 4538
2746 4874
2746 5823
2746 6416
2746 6437
2747 4042
2748 2815
2748 5850
2750 4548
2750 6518
2751 3867
2751 4740
2754 5803
2755 3203
2755 3981
2755 5781
2756 4373
2756 5304
2756 6805
2757 3880
2759 2970
2760 3504
2760 6648
2761 4931
2761 5219
2763 4466
2764 4155
2764 5248
2766 3755
2766 4281
2767 4000
2767 4802
2768 4117
2768 4446
2769 5794
2770 4864
2770 6434
2771 4672
2772 3159
2772 3439
2772 3656
2772 5995
2774 4219
2774 5353
2775 4766
2775 6248
2776 3530
2777 3818
2777 6410
2778 5307
2778 5451
2779 5331
2780 6209
2780 6814
2781 5102
2782 6489
2782 6749
2783 6359
2784 3935
2784 4134
2784 5091
2784 6634
2784 6795
2786 3011
2787 6565
2788 3380
2788 5453
2789 4482
2789 5473
2792 5851
2793 5221
2794 4665
2795 4916
2796 4313
2796 6094
2797 4566
2797 4910
2797 5598
2798 4938
2798 5674
2798 5968
2799 6722
2800 6402
2801 4572
2801 4582
2802 3913
2802 6204
2803 3768
2803 5100
2804 3414
2805 4120
2805 5765
2806 3298
2806 5935
2807 3305
2807 5723
2808 4617
2808 5345
2811 2955
2811 4712
2812 4010
2813 6698
2814 5078
2814 6717
2816 4421
2817 3307
2817 4983
2818 6731
2821 4224
2821 5444
2822 3143
2822 3430
2823 4066
2823 5893
2824 4411
2824 4597
2825 4368
2825 5482
2825 6142
2826 6672
2827 5084
2829 4911
2829 6425
2830 5550
2830 5837
2831 3196
2831 3353
2831 6658
2833 5287
2833 5725
2834 6420
2836 6022
2836 6144
2837 3240
2839 5270
2839 5624
2840 4089
2841 2994
2841 4121
2842 3202
2842 3779
2843 3744
2843 6044
2844 4494
2844 5959
2845 3377
2845 3497
2845 3975
2845 4303
2845 6493
2846 3968
2847 3840
2847 3873
2847 4378
2848 5299
2849 2947
2849 3258
2849 4509
2850 3976
2850 6547
2851 6141
2852 4854
2853 4070
2853 4563
2854 5725
2856 3597
2856 4806
2856 5396
2856 5707
2856 6684
2858 5667
2859 4750
2859 5223
2859 6114
2860 3984
2860 4520
2861 4537
2861 6667
2863 3404
2863 4259
2863 5535
2865 3950
2865 4725
2866 2886
2866 5337
2867 3037
2867 5324
2869 4538
2870 4599
2871 3629
2872 6335
2873 3978
2874 4085
2875 4989
2875 5297
2878 5113
2878 5890
2879 5872
2880 2909
2880 4489
2880 4722
2880 4906
2880 6559
2881 3971
2881 4272
2881 6826
2882 3261
2883 3758
2883 4875
2884 3258
2885 5554
2886 4280
2886 5413
2886 6443
2887 3081
2887 3179
2887 3747
2887 3929
2887 4273
2888 4330
2888 4965
2888 5444
2888 5909
2888 6733
2889 3614
2889 4864
2889 5003
2890 3541
2890 4230
2890 5699
2891 3343
2891 3654
2892 2931
2892 5472
2892 6430
2893 4860
2894 5370
2895 5703
2896 5968
2896 6696
2897 2983
2897 4679
2897 5491
2898 4766
2900 5530
2901 5836
2902 3070
2902 4247
2902 4653
2903 3953
2903 4077
2903 4904
2903 5737
2903 5950
2904 3216
2904 5875
2905 3406
2905 5594
2906 6673
2907 3633
2908 4411
2909 5255
2909 5981
2910 3180
2910 5983
2912 5590
2913 5438
2914 6296
2915 4323
2915 6356
2916 4856
2916 5219
2917 4401
2917 5986
2918 3525
2918 4917
2919 3225
2920 5542
2921 3428
2921 4438
2921 5295
2922 6722
2923 5007
2923 6409
2924 4456
2924 6532
2925 4505
2926 3240
2927 3234
2927 5343
2928 4361
2929 3279
2930 3498
2930 6731
2931 6004
2932 3131
2932 3148
2933 4493
2933 5017
2933 5293
2933 6709
2934 5158
2935 4072
2935 5618
2935 6260
2936 3000
2936 5407
2937 3371
2937 3967
2937 5222
2937 6575
2938 3521
2938 4392
2939 3196
2940 3563
2941 3052
2941 3652
2941 4113
2941 4730
2941 5735
2942 6283
2943 4812
2945 6224
2948 5430
2949 3509
2949 4877
2950 5607
2950 5946
2951 4253
2951 4377
2951 6163
2951 6431
2953 6480
2954 3959
2955 4005
2955 4943
2956 6343
2956 6401
2957 3221
2957 6538
2958 3921
2960 3833
2960 3926
2961 3948
2962 4125
2962 4958
2962 5569
2962 6775
2964 4192
2965 5908
2966 5731
2968 3257
2968 6490
2969 5441
2969 5582
2969 5734
2970 2978
2971 4069
2971 5329
2972 4915
2972 6410
2973 6305
2973 6534
2974 4695
2974 5147
2974 5236
2974 5404
2974 5656
2975 5946
2976 2985
2976 3273
2976 3789
2976 3944
2976 4782
2976 6220
2976 6547
2977 6185
2978 3208
2978 4530
2978 6274
2979 6613
2980 3877
2980 6631
2981 6042
2982 4357
2983 3040
2985 3203
2985 6012
2987 5766
2987 5819
2988 3619
2989 4617
2989 4862
2990 3354
2990 4670
2991 3492
2991 4245
2991 5289
2991 5740
2992 4757
2993 4865
2993 5563
2993 6762
2994 5747
2995 6534
2997 5126
2998 4828
2998 4984
3001 5844
3003 6795
3004 4583
3005 5777
3006 3599
3006 6135
3007 5580
3007 5679
3008 5383
3009 3019
3009 4894
3010 4568
3012 3227
3012 5586
3012 6138
3013 5573
3013 6462
3014 6235
3014 6646
3015 3270
3016 3216
3016 4591
3019 4957
3019 5514
3021 3621
3021 4671
3022 5357
3022 6103
3024 4723
3025 4267
3026 5664
3027 3163
3027 6239
3028 4961
3028 6019
3028 6208
3029 5505
3029 6838
3030 3298
3031 5685
3033 4178
3033 6304
3034 4172
3035 3445
3035 4109
3036 3971
3037 4651
3037 5903
3038 3111
3038 6794
3039 3832
3041 4316
3042 3359
3042 6804
3044 4967
3045 3919
3045 4153
3045 5722
3046 3776
3049 5047
3050 3088
3050 5119
3051 6757
3052 3669
3052 6366
3053 5529
3054 4849
3055 3103
3055 3325
3056 6080
3056 6629
3056 6674
3057 3646
3058 4130
3059 6339
3059 6769
3061 3240
3061 4013
3061 5169
3061 5732
3061 6720
3063 5620
3063 6250
3063 6402
3065 4424
3067 4662
3067 6339
3067 6691
3068 4492
3068 6588
3070 4407
3071 3381
3073 4898
3073 6058
3074 4577
3076 5729
3077 4885
3078 3255
3078 3405
3078 4104
3079 3509
3080 3423
3080 6048
3081 5163
3083 5222
3085 5752
3086 3523
3086 4155
3087 3172
3087 4717
3087 5211
3087 6332
3088 4482
3088 5689
3089 3384
3089 5695
3090 4431
3090 6789
3091 5644
3092 5352
3093 4344
3093 5250
3095 3871
3095 5629
3096 6639
3097 4900
3098 4575
3098 6256
3098 6502
3099 3359
3099 3752
3099 4430
3099 6291
3100 4149
3100 5519
3101 4650
3102 5121
3104 6488
3105 3374
3105 4018
3105 4810
3106 4876
3106 5665
3106 6047
3106 6347
3106 6710
3107 3395
3108 6113
3109 3448
3109 4736
3110 3647
3110 3852
3111 3400
3111 5319
3111 5906
3112 5129
3112 6827
3113 5157
3113 5530
3113 6214
3113 6809
3114 3452
3114 4029
3115 4883
3115 4890
3116 5179
3117 3302
3117 6541
3118 3845
3118 4202
3119 4051
3119 5143
3120 4435
3120 4468
3121 3421
3121 4841
3122 4606
3122 5336
3123 4494
3123 4520
3124 3398
3125 4388
3125 4400
3125 5431
3126 3446
3127 4842
3127 5026
3128 5917
3129 4357
3130 6699
3132 5753
3133 4768
3135 4010
3137 3420
3137 6185
3139 4872
3140 3322
3140 6151
3141 6186
3141 6811
3142 3445
3142 3955
3143 3412
3143 5967
3144 3958
3144 6071
3145 3504
3146 4681
3146 4925
3148 3686
3150 4001
3150 5368
3150 6318
3150 6350
3151 5818
3152 6238
3152 6370
3153 4923
3154 3281
3154 3969
3154 4853
3155 4770
3156 5744
3156 6549
3156 6713
3157 5192
3158 6348
3159 3260
3160 4279
3160 4545
3160 4931
3162 3486
3163 5971
3164 5823
3166 6582
3168 5745
3168 6803
3169 3745
3169 4053
3169 4166
3169 6191
3169 6836
3173 3439
3173 4324
3174 6086
3174 6837
3175 3769
3176 3332
3178 4104
3178 5141
3180 6367
3181 6622
3182 3925
3182 5511
3184 3206
3184 3684
3184 5532
3185 3567
3185 5273
3186 3335
3186 5069
3187 3511
3187 4823
3192 3687
3193 5366
3193 5869
3195 3341
3195 4264
3195 4815
3197 5776
3199 4554
3200 5626
3201 3545
3201 3894
3201 4389
3203 6158
3204 5047
3205 6300
3206 4753
3207 5197
3207 6398
3209 4090
3210 4974
3211 5203
3212 6815
3213 5346
3214 3654
3215 4724
3215 6354
3217 3436
3217 4268
3217 6227
3218 4661
3220 3878
3220 6544
3222 5774
3224 3315
3224 5547
3226 5742
3228 5758
3230 3746
3231 4925
3231 4964
3232 4192
3233 5651
3233 6295
3234 6380
3234 6576
3235 4837
3236 4136
3236 4523
3237 5979
3238 4771
3239 3397
3239 3944
3239 4540
3239 5136
3239 5532
3239 6312
3240 3693
3241 5313
3241 6630
3242 5936
3243 5019
3243 5930
3245 4603
3245 5693
3247 5235
3247 5995
3248 5261
3250 3644
3252 4003
3252 6080
3252 6392
3254 5536
3255 6597
3256 3571
3256 3714
3256 4522
3259 5599
3260 4233
3263 5068
3264 3885
3264 5421
3265 4561
3266 3826
3267 6749
3269 5307
3269 6210
3270 5441
3270 5972
3271 5816
3272 5815
3273 6231
3274 3580
3274 5440
3275 3406
3277 5110
3278 4442
3279 3976
3279 4994
3281 6232
3282 5239
3283 4377
3283 5063
3284 3422
3284 4689
3284 4947
3285 3828
3286 4994
3287 4144
3287 4916
3288 5640
3289 4521
3289 5539
3289 6127
3290 4320
3291 3616
3292 6687
3293 4080
3294 3913
3295 5501
3295 6071
3297 4586
3298 4478
3299 4241
3300 4719
3301 6792
3304 3972
3305 3874
3305 5461
3306 3660
3306 3854
3306 4100
3306 4888
3306 5052
3307 4723
3308 5256
3309 3415
3309 4550
3311 5079
3312 6100
3312 6221
3313 6657
3314 3363
3314 4057
3315 3662
3315 3946
3315 4163
3316 3523
3317 6081
3318 4571
3318 5850
3319 3699
3320 4539
3320 6825
3321 3470
3321 6223
3323 3680
3323 5374
3324 6256
3325 4801
3325 5020
3327 6554
3328 3763
3328 6587
3328 6766
3329 3661
3329 3734
3329 6642
3330 4250
3331 4983
3331 5316
3334 6060
3335 4210
3335 5610
3336 4389
3337 4295
3337 4485
3338 3467
3338 4768
3340 3826
3340 5840
3340 6591
3341 6347
3341 6528
3342 4197
3342 6001
3342 6093
3344 3524
3344 4710
3344 4804
3344 6742
3345 4785
3346 4777
3346 6474
3347 5389
3347 6144
3348 6020
3349 3892
3349 6582
3349 6684
3350 6445
3351 6364
3352 4397
3352 4685
3352 6526
3355 5533
3358 4679
3359 5401
3360 3646
3362 5762
3362 6637
3364 3740
3364 4601
3365 4619
3365 5004
3367 4542
3367 4906
3369 4894
3370 3521
3371 6101
3372 5147
3373 4980
3373 5529
3374 5854
3374 6238
3375 6121
3377 5070
3378 6471
3379 6835
3381 3777
3381 5237
3381 6084
3382 4883
3382 4947
3383 3606
3385 5163
3386 5874
3387 5439
3388 4744
3388 6130
3389 4010
3389 5764
3390 5812
3391 4670
3391 5212
3392 3789
3393 5775
3393 5802
3394 5424
3395 6649
3396 5538
3397 4866
3398 3849
3398 4762
3398 6353
3399 5025
3400 3638
3402 5638
3402 6193
3403 4695
3404 4674
3405 6112
3407 4772
3408 4302
3408 5879
3410 5321
3410 6042
3411 4659
3412 3747
3412 6189
3413 3853
3413 6200
3414 3625
3415 4372
3415 6102
3416 5005
3418 5732
3418 6451
3420 3841
3421 4773
3422 6713
3425 3731
3425 5484
3427 3582
3427 3824
3427 4682
3427 5648
3427 6115
3428 4922
3429 6016
3430 5077
3432 4629
3432 4668
3432 5635
3434 3730
3434 5524
3434 6353
3436 3724
3436 4220
3436 6564
3440 5159
3441 3660
3442 4370
3442 5077
3442 5309
3442 6765
3444 6707
3445 5467
3446 6048
3446 6269
3447 3635
3448 3923
3448 4259
3449 5060
3450 3694
3451 5451
3453 4278
3457 6273
3459 5465
3459 6122
3459 6196
3460 3662
3460 5532
3460 6076
3461 3791
3461 4373
3462 6498
3463 5539
3464 6578
3467 4032
3468 5506
3469 5299
3469 5907
3469 5989
3470 4087
3471 3717
3471 4065
3471 6069
3472 5434
3474 6024
3474 6322
3475 4913
3475 5110
3476 4447
3476 5301
3476 5340
3479 4504
3481 4540
3481 5713
3482 3665
3482 3982
3482 5208
3483 5490
3484 6498
3485 3492
3486 4600
3487 5304
3487 6516
3488 5254
3489 5459
3489 6160
3490 3552
3491 5436
3491 5792
3491 5920
3493 3602
3493 3718
3494 5478
3494 6653
3496 4028
3496 4033
3496 4636
3496 5037
3496 5051
3498 5017
3500 5837
3501 4240
3502 6164
3504 6171
3504 6508
3505 4412
3505 4566
3505 4783
3505 6399
3506 5860
3508 4098
3508 6016
3508 6777
3510 4994
3511 6321
3512 3570
3512 5176
3513 5705
3514 4045
3514 5055
3515 4413
3515 6623
3517 6566
3518 4398
3519 5741
3520 4855
3520 5309
3522 4533
3525 3547
3525 4931
3526 5186
3527 4728
3530 4013
3531 5300
3532 4741
3533 5488
3535 5194
3536 3674
3536 5958
3538 5276
3539 4497
3539 4863
3540 5357
3540 6054
3541 3558
3542 5270
3543 5856
3544 6683
3545 5240
3546 3837
3550 3850
3550 5332
3551 4541
3551 5027
3551 6111
3552 4330
3552 4857
3553 3749
3554 3917
3554 4067
3557 4228
3557 4558
3559 5986
3560 4326
3560 5020
3560 6256
3561 6030
3562 3937
3563 5991
3563 6663
3564 6754
3565 6300
3568 4496
3568 6003
3569 5918
3569 6529
3570 4562
3571 6630
3571 6745
3571 6759
3572 4455
3573 3705
3573 5728
3574 4300
3575 4841
3575 6269
3577 3606
3577 3794
3579 6041
3579 6137
3580 5170
3580 6154
3581 6068
3582 5589
3582 6411
3582 6752
3583 4502
3584 5018
3584 5527
3586 4712
3588 3905
3589 5355
3589 5656
3591 4050
3592 4415
3594 5317
3595 5100
3596 5179
3598 3717
3600 5619
3601 3721
3601 5369
3603 6212
3604 4749
3604 5969
3605 5635
3608 6013
3609 4252
3609 4541
3609 6100
3610 4405
3612 4323
3613 4217
3615 5719
3616 4894
3619 4944
3620 4018
3620 6324
3622 4908
3622 6047
3624 3915
3624 5780
3625 5935
3626 3874
3626 5342
3627 5796
3629 6160
3630 6124
3631 4854
3631 6097
3633 6360
3634 5904
3635 4102
3636 4491
3636 5768
3637 5478
3637 6139
3637 6316
3639 6073
3642 5117
3642 5654
3645 6627
3649 4192
3650 4465
3650 5213
3653 5673
3653 6546
3653 6731
3655 6743
3656 4610
3658 4637
3659 4799
3659 5430
3660 5942
3661 6294
3662 5433
3663 4609
3663 6577
3665 5212
3665 6187
3665 6198
3666 5140
3666 5510
3667 4355
3668 4504
3668 5972
3670 4608
3673 5213
3674 4669
3674 5172
3674 6087
3675 4506
3676 5426
3677 4037
3677 4241
3677 5207
3677 5213
3678 3834
3678 4872
3678 6059
3679 5169
3679 5806
3679 6036
3679 6718
3681 5114
3681 6142
3682 6357
3683 3815
3684 4030
3684 5406
3687 4102
3687 5352
3688 4498
3688 6082
3689 4206
3690 4963
3691 5002
3692 5005
3694 5552
3696 6613
3697 4797
3698 6281
3701 5645
3701 6379
3703 5828
3704 6220
3705 5559
3706 4940
3706 5549
3707 5834
3708 3728
3708 5477
3708 5857
3710 4833
3710 5821
3711 3842
3711 4299
3711 5578
3713 4221
3713 5033
3714 4527
3714 4884
3715 3802
3717 4512
3717 5879
3718 5815
3719 6506
3720 6532
3720 6608
3722 4177
3722 6634
3723 5436
3723 6352
3725 4153
3726 6588
3728 3943
3730 6686
3732 4710
3732 6782
3733 6077
3733 6410
3733 6626
3735 4738
3735 5743
3737 5951
3737 6781
3738 5366
3739 4980
3739 6678
3746 5101
3747 5495
3747 6573
3748 4871
3748 5679
3748 6590
3749 6816
3751 4025
3752 5916
3753 5965
3755 6031
3756 5270
3756 5421
3756 6114
3757 4799
3758 6454
3760 5419
3760 5789
3761 4532
3762 5508
3764 6692
3765 4479
3766 4762
3767 3999
3767 4647
3767 4923
3767 6208
3768 4899
3769 4024
3769 4822
3770 4332
3770 5080
3770 6319
3772 5077
3772 5376
3772 5582
3772 5762
3772 5816
3774 4592
3774 5445
3774 5724
3775 6449
3777 4995
3777 5611
3777 5792
3778 6326
3779 3972
3782 5673
3782 6289
3783 5463
3784 4348
3784 4766
3784 6633
3785 4248
3785 5239
3786 5630
3787 4677
3787 4834
3787 5890
3788 4284
3788 4306
3788 5044
3790 6700
3793 4643
3793 6405
3794 5687
3795 4291
3795 4561
3795 6403
3796 5159
3796 5718
3796 6765
3797 6737
3798 5040
3798 5641
3800 4644
3800 5880
3803 4882
3804 5693
3805 3986
3805 4187
3807 4672
3807 6323
3807 6422
3808 5605
3808 6588
3809 5920
3810 5631
3814 5104
3815 5407
3815 5872
3815 6125
3816 4884
3817 6244
3818 6765
3819 5574
3820 5250
3820 5675
3820 6740
3821 6644
3823 5863
3826 6734
3827 5413
3828 4011
3828 4096
3828 4897
3829 5914
3831 4232
3831 4436
3831 5452
3832 6124
3833 5377
3836 4977
3837 4323
3837 5558
3838 4586
3839 6522
3841 3930
3843 4249
3844 5588
3845 6444
3846 4445
3847 6239
3847 6742
3850 4544
3850 5657
3851 4704
3851 6297
3852 4733
3852 6475
3855 4820
3857 6768
3858 5642
3859 6371
3860 5155
3861 4111
3862 4187
3862 4960
3862 6126
3863 4682
3863 4718
3863 5578
3863 5646
3864 6525
3866 5234
3866 5564
3866 5755
3867 5446
3867 5834
3869 6601
3869 6640
3870 4375
3871 3979
3871 6374
3872 4292
3872 4995
3873 4852
3873 5853
3875 5763
3877 4071
3877 4676
3877 6282
3880 6094
3884 4725
3884 6819
3887 5758
3888 6624
3889 4986
3889 5647
3890 4201
3890 5444
3892 6008
3893 6044
3893 6211
3895 6761
3896 5589
3897 4419
3897 5176
3897 5728
3898 5722
3898 6169
3898 6261
3899 6440
3900 4740
3901 6814
3902 5471
3902 6023
3904 6464
3905 6499
3906 5276
3907 4535
3907 5321
3908 4425
3909 4180
3909 4614
3909 4780
3909 6413
3910 4363
3911 5415
3911 6535
3919 4081
3919 5506
3919 6303
3920 4325
3920 5362
3920 5856
3921 5941
3922 6110
3922 6390
3927 4552
3927 4843
3927 6282
3928 6526
3931 5227
3931 5660
3931 5870
3932 5392
3933 5975
3935 4904
3936 4759
3937 6590
3938 5237
3938 5741
3939 6096
3940 4680
3940 5596
3941 4360
3942 6386
3946 5391
3946 5825
3946 5900
3948 5589
3948 6794
3949 6012
3949 6606
3950 4589
3950 6607
3951 6419
3951 6654
3956 5608
3957 6239
3958 4434
3958 5236
3958 6783
3959 6177
3960 4539
3961 6699
3962 6259
3963 5006
3963 6097
3964 4058
3964 5812
3966 4723
3968 4838
3968 5921
3971 5349
3972 4641
3972 5513
3973 6565
3975 6786
3977 5748
3978 5108
3978 6507
3979 4668
3980 4382
3982 4685
3983 5443
3983 6317
3984 4242
3984 4390
3984 4714
3984 6695
3987 4840
3988 4348
3989 4529
3990 4617
3991 4308
3991 6268
3992 4226
3993 4552
3993 4937
3994 4106
3994 5181
3995 4154
3995 5612
3997 5935
3998 4745
3999 4044
3999 5367
4001 4655
4001 5585
4002 4659
4005 4849
4005 5133
4007 5330
4008 6374
4010 4274
4010 4448
4011 6432
4012 5379
4012 5827
4015 5521
4017 4812
4019 4214
4021 6504
4021 6510
4021 6616
4022 5465
4023 6358
4024 4531
4026 6622
4026 6653
4027 4366
4027 5103
4028 5653
4029 6384
4033 4183
4034 5496
4036 6482
4037 4048
4038 5575
4039 6451
4039 6530
4040 4824
4042 5217
4044 4543
4045 5162
4046 4845
4046 5712
4047 6645
4049 4059
4049 6127
4050 4374
4050 4900
4051 4341
4052 5350
4052 6259
4052 6738
4053 6464
4054 4570
4055 4818
4057 4940
4059 6587
4060 4620
4060 4638
4060 6232
4061 4228
4061 4443
4061 6468
4063 4650
4063 5412
4067 5243
4068 4374
4070 6301
4071 5783
4072 4766
4072 6426
4074 6063
4075 5214
4078 4675
4078 5240
4079 6539
4080 5504
4081 5154
4085 5887
4086 4269
4086 4293
4086 4560
4086 6801
4087 4935
4089 5966
4090 6133
4091 6692
4091 6720
4092 5197
4093 4832
4094 4550
4095 6426
4095 6814
4097 5563
4101 4316
4103 5338
4103 6563
4104 5071
4104 6195
4105 5890
4106 5896
4107 6303
4109 6119
4110 6037
4110 6519
4111 6257
4112 4256
4112 4309
4112 5523
4112 6605
4113 5088
4114 4733
4115 5639
4116 4474
4116 5342
4119 6490
4120 4560
4120 5551
4120 6551
4123 4281
4123 6143
4123 6361
4123 6427
4125 6574
4128 6073
4129 5334
4130 4389
4130 4870
4130 5960
4131 4723
4131 5985
4131 6236
4136 5627
4137 4189
4137 4880
4138 4262
4138 5623
4139 5612
4140 6516
4142 4408
4143 4297
4143 4612
4143 5836
4145 4535
4147 5887
4147 5935
4148 6282
4150 4797
4150 5628
4151 6233
4151 6538
4155 4392
4157 5566
4158 6133
4159 5311
4160 5890
4161 6454
4163 4658
4163 5448
4164 5471
4164 5490
4164 5520
4165 4190
4166 5974
4167 4509
4169 5367
4171 5475
4173 5561
4176 4445
4176 6225
4178 5017
4182 4906
4182 6139
4183 5845
4183 6510
4185 5498
4185 5855
4186 5395
4188 6834
4190 6524
4191 5381
4191 5547
4191 6228
4193 5939
4194 5110
4195 5619
4196 6631
4197 5091
4199 6410
4200 5105
4202 6500
4203 6526
4203 6585
4204 4817
4204 6764
4205 5128
4207 6547
4208 6332
4209 5924
4209 6700
4211 4808
4215 5796
4215 6245
4219 4437
4219 5964
4220 4277
4220 5403
4221 4279
4221 5823
4222 4425
4222 4946
4222 5849
4223 5356
4225 5418
4225 5488
4225 6563
4227 5029
4228 5157
4230 5282
4232 5641
4234 5679
4234 6803
4235 6282
4236 6795
4238 5055
4241 6555
4246 6776
4248 5677
4248 6604
4250 5212
4250 5634
4252 5493
4253 5482
4257 4994
4257 6161
4258 4679
4259 4406
4260 5954
4261 5359
4261 6131
4262 4317
4262 5442
4265 6095
4267 5402
4269 6589
4270 4326
4270 5015
4271 4727
4272 4921
4272 4953
4272 5659
4273 6411
4275 4947
4276 4665
4276 6349
4278 4711
4280 4847
4282 6349
4283 5360
4283 5421
4284 6753
4285 6067
4286 4370
4286 6452
4287 5177
4288 5155
4288 6596
4289 5609
4291 5755
4292 5011
4293 4793
4294 4981
4295 5828
4296 5113
4299 5928
4301 4452
4301 5679
4302 5882
4303 5260
4303 6188
4303 6771
4305 4531
4305 5533
4307 6621
4308 5307
4310 5296
4310 6336
4311 6270
4312 6788
4314 5870
4316 4741
4318 5587
4319 4690
4319 5218
4321 5487
4321 5943
4322 6240
4322 6767
4323 5280
4323 5462
4323 6551
4325 5818
4325 6248
4326 4651
4327 5555
4328 5725
4330 4617
4330 4678
4331 6801
4333 4803
4334 6131
4336 4975
4336 5385
4339 4539
4342 5700
4344 4657
4344 5785
4345 5206
4348 5171
4349 4755
4350 6183
4351 5357
4353 6442
4354 5663
4354 6306
4356 5837
4356 6247
4357 5700
4358 4612
4360 5974
4368 4404
4368 4713
4369 6773
4370 6446
4373 6485
4374 5429
4377 6076
4379 6401
4380 6226
4381 4549
4382 4969
4383 6703
4384 5990
4385 5808
4386 5239
4387 5988
4387 6816
4388 6202
4393 6319
4394 4443
4395 5916
4397 6058
4398 5287
4398 5377
4401 4812
4402 4606
4402 4759
4402 5568
4404 6747
4408 5994
4409 6017
4410 4659
4410 6405
4414 4854
4414 5256
4416 4995
4417 5997
4418 6743
4419 6681
4421 6486
4422 5138
4422 5348
4423 5057
4423 6653
4428 5248
4429 5013
4429 5340
4436 5107
4436 5350
4436 5398
4437 4493
4438 5638
4439 5186
4440 6362
4441 6477
4442 5439
4443 5004
4446 5892
4447 4724
4447 6099
4447 6399
4449 4470
4451 6654
4452 5323
4454 5682
4456 6821
4457 6706
4459 4558
4459 5556
4459 6315
4460 5523
4462 6306
4463 4571
4463 4590
4464 5616
4465 6207
4469 5350
4471 6460
4473 4715
4473 6530
4474 6331
4475 6170
4476 5961
4476 6187
4478 6491
4479 5435
4479 6793
4481 6277
4484 5393
4485 4746
4486 5220
4488 6064
4489 5515
4490 5303
4492 4663
4492 4727
4492 5455
4496 5084
4497 5394
4497 5806
4498 5715
4499 6797
4500 6482
4501 6476
4502 5351
4504 5589
4506 6708
4507 5411
4511 6652
4514 6504
4515 5883
4517 4678
4518 4760
4519 4962
4519 6527
4520 4843
4520 6777
4522 5125
4524 6478
4525 5428
4527 6166
4529 5317
4531 5400
4533 6720
4534 4623
4534 6366
4536 5233
4536 6394
4538 6333
4541 4853
4543 6092
4546 4650
4546 5327
4547 6620
4551 6318
4552 4776
4552 5158
4552 5446
4552 5612
4552 6033
4557 6465
4559 4948
4562 6576
4564 6751
4565 6805
4569 5043
4574 4733
4574 6140
4575 6825
4578 5580
4578 6100
4580 6154
4581 4919
4581 5350
4582 5386
4585 5522
4586 4600
4586 4651
4586 4795
4586 6414
4587 5062
4587 5305
4587 5537
4594 6160
4595 5891
4596 6611
4597 5116
4599 5024
4599 5421
4599 5992
4600 5027
4601 5931
4602 4702
4606 4912
4607 6811
4609 4902
4609 6450
4613 6260
4617 4747
4617 5951
4619 4768
4621 6664
4622 5612
4623 4895
4623 4995
4623 5345
4623 5987
4626 6323
4626 6779
4628 5209
4628 6365
4630 5337
4630 5475
4632 5685
4633 6731
4634 6345
4637 4807
4637 5555
4643 6161
4646 6627
4649 5274
4650 6593
4652 6087
4652 6164
4654 4771
4654 5016
4657 6009
4660 6552
4662 6190
4663 6264
4664 6466
4665 4777
4665 5482
4665 6629
4667 4946
4668 6378
4668 6453
4669 6679
4672 5793
4672 6129
4673 6105
4675 6536
4677 4761
4679 5376
4679 6461
4681 5310
4681 6222
4682 5411
4684 4942
4685 5979
4685 6113
4686 5000
4686 6807
4689 5847
4689 6010
4691 6291
4692 4778
4693 6158
4695 5375
4696 6694
4698 6190
4699 4871
4699 4927
4700 6606
4701 4878
4703 6750
4706 5692
4706 6364
4707 5163
4708 6290
4710 5714
4710 6247
4711 6644
4716 6406
4716 6790
4717 4726
4717 5567
4717 6787
4719 5759
4725 6175
4725 6527
4727 6136
4729 5119
4732 6748
4733 4901
4734 4851
4738 5506
4739 5103
4739 5593
4741 6505
4742 6585
4743 6102
4746 5483
4747 6150
4747 6289
4747 6461
4748 5020
4749 5906
4751 5737
4752 5499
4752 5938
4753 5243
4755 5303
4755 6298
4756 5529
4756 5542
4756 6342
4759 5331
4760 5946
4761 4971
4766 5998
4767 6073
4774 5852
4775 4897
4778 6046
4781 6686
4782 5312
4782 5992
4782 6003
4782 6470
4783 6625
4784 5046
4785 6183
4785 6512
4786 5000
4786 5155
4787 5200
4788 6736
4792 5198
4792 6510
4794 5112
4796 6371
4799 5416
4799 5875
4799 5929
4803 5538
4804 5962
4804 5966
4804 6015
4805 5197
4806 5071
4810 5827
4811 4823
4811 5456
4811 5645
4812 5058
4816 4991
4818 6095
4819 5630
4820 5492
4824 5232
4825 5550
4827 6094
4827 6416
4829 4894
4829 6825
4830 5165
4830 5531
4836 5179
4837 5448
4838 4918
4838 5628
4839 6492
4841 5238
4845 5002
4848 6682
4852 5934
4853 5035
4854 5975
4859 5063
4860 5236
4860 5687
4860 5804
4862 5606
4865 5686
4865 6214
4867 5132
4868 5657
4870 6513
4873 6226
4874 5016
4874 5710
4876 6689
4877 5987
4878 5273
4880 6241
4881 5864
4882 5312
4882 5470
4887 5396
4887 6536
4890 6153
4893 5941
4894 5196
4898 5571
4900 5999
4902 6006
4903 6798
4904 5283
4906 5038
4909 5305
4909 5483
4910 4914
4910 5794
4910 6254
4911 4995
4912 5518
4912 5994
4915 5493
4915 6677
4918 4929
4918 5562
4918 5985
4918 6214
4924 4968
4924 6735
4925 5145
4925 5799
4926 6320
4930 6807
4932 5195
4933 5951
4934 5167
4934 6134
4934 6734
4935 6490
4938 6257
4940 6637
4941 6639
4943 5744
4944 6270
4945 5670
4949 5981
4950 6481
4951 5235
4952 6548
4954 6063
4955 5721
4956 6384
4967 6489
4970 5928
4972 6485
4973 6544
4975 5767
4975 6745
4977 5164
4978 5340
4979 5365
4981 5611
4981 5629
4981 6469
4985 5044
4988 6488
4989 5500
4990 6180
4991 5221
4993 6231
4993 6644
4996 6490
4998 5186
5001 5135
5001 6785
5002 6179
5004 5685
5004 5833
5005 6662
5006 5020
5006 6072
5010 5392
5012 5035
5016 5858
5016 6065
5016 6810
5016 6839
5017 5313
5017 5614
5022 5168
5023 5496
5025 6458
5026 5168
5027 5414
5029 6210
5030 5241
5031 5431
5035 6517
5036 5339
5036 6589
5039 6734
5040 6131
5041 5301
5042 6180
5044 6021
5045 6825
5050 6789
5051 5202
5052 5878
5053 6172
5054 6111
5055 5584
5056 6792
5058 5620
5059 5280
5062 5085
5064 5671
5064 6374
5068 5161
5070 6432
5071 6356
5076 5809
5076 5821
5076 6825
5080 5676
5083 6086
5084 5577
5085 6573
5088 6496
5089 6317
5090 5379
5090 5945
5092 5234
5093 5479
5094 6489
5096 5193
5096 6002
5097 5553
5100 6630
5101 6440
5104 5557
5104 6447
5107 5602
5107 6498
5109 6223
5112 6194
5112 6820
5114 5369
5117 6453
5119 5145
5121 5225
5123 6140
5123 6817
5127 5160
5132 5851
5133 5858
5135 6370
5137 6250
5139 5884
5140 5436
5140 6145
5142 6782
5143 6496
5144 6672
5146 6589
5148 6634
5150 5258
5151 6347
5153 5297
5154 6641
5155 5661
5156 5394
5156 6248
5157 5258
5161 6550
5162 6028
5166 5552
5166 6470
5167 6230
5167 6556
5173 6088
5173 6211
5178 6664
5180 6326
5182 5245
5184 6104
5185 5753
5188 5352
5190 5702
5191 5990
5195 5238
5195 5596
5198 6377
5199 5847
5203 6012
5204 6598
5206 6458
5207 6337
5208 5871
5209 6514
5209 6533
5212 5802
5215 6170
5215 6762
5218 6047
5219 5249
5221 6410
5223 5616
5223 6650
5224 5470
5224 5537
5224 5879
5226 5735
5228 5694
5230 5865
5231 5516
5231 6524
5235 5746
5242 6494
5243 6567
5244 5333
5244 5378
5247 5887
5247 6661
5251 5600
5251 5979
5252 6272
5252 6754
5253 5592
5253 6685
5255 6340
5256 5820
5257 6231
5258 6263
5260 5909
5261 5464
5263 6541
5264 6798
5265 6735
5266 5977
5267 6117
5268 5791
5269 6541
5270 5586
5270 6292
5270 6694
5276 6050
5277 5281
5278 6604
5279 5665
5279 5688
5280 5869
5280 6351
5282 6534
5283 5970
5283 6348
5287 5388
5288 5584
5288 5721
5290 5903
5291 5760
5292 5448
5296 5670
5297 6604
5298 6660
5300 5927
5301 6482
5304 6623
5307 5507
5307 6175
5310 6088
5311 5413
5311 5596
5314 5411
5314 5953
5315 5579
5315 6103
5320 5867
5323 6015
5327 5548
5328 6547
5329 5752
5330 5786
5330 6682
5332 6460
5333 5606
5334 5454
5338 6613
5348 6093
5354 6716
5358 6080
5363 6054
5364 5958
5364 6118
5364 6298
5364 6503
5367 5650
5368 5409
5370 5683
5370 6293
5371 5955
5371 6576
5371 6698
5373 5422
5375 5896
5377 5522
5377 6084
5381 5781
5382 6612
5384 6420
5385 6656
5386 5644
5388 6087
5389 5441
5390 6633
5392 6346
5393 6270
5394 5409
5394 5898
5397 6432
5399 5604
5406 5817
5406 6532
5407 5457
5409 5449
5409 5483
5409 5656
5410 5927
5410 6677
5410 6728
5412 6816
5413 5881
5419 6580
5421 5973
5423 6380
5427 6352
5428 6591
5431 6077
5434 5527
5435 6118
5437 5805
5443 5667
5446 5613
5450 6560
5451 5638
5452 6537
5454 6185
5456 6800
5457 5600
5458 6169
5459 6748
5460 5526
5461 5965
5463 6700
5464 5930
5468 5577
5469 5856
5470 6517
5474 6704
5476 5686
5476 6651
5478 6472
5478 6474
5480 6796
5483 6709
5485 5532
5486 5718
5487 6404
5489 6141
5493 6724
5497 5676
5497 6144
5502 5510
5502 5618
5503 5721
5505 5622
5505 6507
5509 6786
5510 5712
5511 6664
5513 6038
5522 6509
5524 6329
5525 5811
5525 6575
5526 6189
5527 5669
5529 5706
5529 6736
5538 6521
5539 6108
5543 5808
5543 6650
5544 6616
5545 5840
5545 6109
5546 5634
5547 6123
5548 6494
5558 5682
5558 6543
5560 6043
5566 6598
5570 6567
5577 6308
5580 5734
5582 5902
5583 6233
5584 5940
5588 5949
5595 6311
5601 6694
5603 5636
5608 5927
5615 6344
5615 6754
5618 5963
5619 6066
5626 6390
5633 6795
5634 5826
5636 6603
5639 5701
5639 6446
5641 5734
5641 6407
5642 5911
5645 6293
5647 5668
5648 5782
5649 6829
5656 6694
5657 6006
5663 6399
5663 6589
5666 6401
5670 6345
5681 6752
5683 5897
5686 6701
5690 6291
5691 6481
5693 6148
5695 5731
5696 6494
5702 6807
5708 5968
5709 6006
5709 6340
5714 6324
5716 5783
5724 5880
5725 6449
5726 6223
5727 6330
5727 6698
5728 5917
5729 5964
5730 5931
5730 6585
5735 5867
5744 5800
5747 6689
5748 5937
5749 6745
5754 5952
5754 6109
5756 5796
5760 6732
5763 6066
5764 6075
5766 5980
5772 6169
5772 6638
5774 6078
5779 6307
5779 6779
5780 6168
5783 6720
5786 6381
5787 6182
5787 6322
5788 6273
5788 6375
5789 6218
5790 5923
5790 6421
5791 5849
5791 6270
5791 6357
5791 6817
5793 6230
5798 6535
5799 6004
5800 6815
5804 6481
5805 5825
5806 6053
5808 6132
5808 6429
5813 5950
5813 6684
5815 6116
5817 5953
5817 6584
5822 6728
5825 6624
5826 6474
5838 6029
5838 6664
5841 6705
5842 5875
5845 6823
5846 6040
5851 6447
5853 5892
5857 6618
5858 5993
5859 6816
5861 6747
5863 6673
5869 6399
5871 6355
5874 6674
5876 6515
5876 6706
5878 6348
5879 6090
5879 6199
5879 6363
5880 6657
5885 6418
5889 6785
5893 6572
5899 6515
5909 6066
5915 6418
5919 6814
5921 6687
5928 6582
5928 6652
5938 6358
5941 6696
5946 5948
5948 6768
5952 5961
5954 6784
5955 6461
5966 6755
5974 6709
5975 6286
5975 6789
5976 6764
5978 6562
5983 6332
5984 6713
5986 6750
5991 6611
5994 6565
6000 6705
6004 6368
6010 6116
6011 6252
6014 6807
6015 6248
6017 6354
6018 6733
6024 6174
6026 6214
6027 6312
6027 6796
6028 6480
6033 6640
6036 6495
6041 6294
6050 6278
6051 6820
6052 6717
6057 6600
6058 6296
6062 6071
6068 6720
6071 6274
6073 6680
6078 6612
6081 6801
6083 6695
6085 6402
6088 6776
6096 6575
6097 6743
6103 6278
6103 6467
6104 6555
6106 6787
6107 6129
6112 6198
6115 6479
6117 6532
6118 6571
6128 6725
6131 6581
6132 6601
6136 6603
6151 6462
6159 6364
6161 6316
6163 6561
6163 6804
6164 6325
6173 6545
6187 6528
6188 6260
6190 6569
6208 6570
6208 6653
6210 6740
6212 6658
6217 6337
6228 6812
6234 6575
6237 6338
6255 6425
6263 6575
6280 6420
6285 6594
6287 6815
6301 6466
6302 6329
6308 6338
6316 6640
6320 6501
6323 6593
6325 6714
6327 6542
6329 6639
6334 6834
6337 6403
6359 6415
6360 6791
6363 6427
6364 6678
6370 6558
6371 6730
6371 6789
6372 6768
6383 6830
6396 6479
6410 6426
6412 6668
6413 6655
6416 6475
6421 6500
6436 6568
6444 6815
6450 6596
6456 6504
6457 6673
6472 6661
6485 6714
6495 6691
6506 6668
6519 6571
6536 6602
6544 6711
6553 6598
6553 6816
6555 6798
6572 6831
6596 6690
6598 6632
6602 6798
6609 6647
6632 6806
6647 6747
6649 6780
6659 6800
6665 6813
6693 6767
6719 6728
6739 6773
6815 6826
