0 1570
0 2093
0 2309
1 255
1 834
1 983
1 1617
1 1770
2 618
2 919
3 855
3 1600
4 348
4 883
4 1257
5 1537
5 2407
6 187
6 458
6 529
6 2086
7 828
7 1045
8 2383
9 804
9 816
9 1265
9 1639
9 1993
10 652
10 743
10 1782
11 214
11 845
11 2157
12 773
13 1415
14 1824
14 1887
15 449
15 1091
15 1473
15 1699
15 1881
16 1513
17 202
17 1738
17 2056
17 2205
18 495
18 1546
19 26
19 1876
19 2303
20 308
20 659
21 2061
22 1596
23 246
23 589
23 966
23 1202
23 2043
24 183
24 1475
24 1490
24 1840
25 1311
26 981
26 1836
26 2106
27 592
27 859
28 383
29 59
29 798
29 1663
29 2116
30 1607
31 1702
32 1633
33 129
34 395
34 448
34 680
34 756
34 2012
34 2274
35 1903
36 183
36 289
37 1891
38 748
39 729
40 604
40 649
40 707
40 969
40 1365
41 291
42 903
42 1238
42 1614
43 325
43 1568
44 453
44 1999
45 1704
46 484
47 374
47 883
47 1557
48 746
48 1627
49 909
49 2082
49 2169
50 93
50 262
51 797
51 2270
52 391
52 747
52 1566
52 2018
53 334
53 1942
54 338
54 2332
55 1210
55 1327
55 2025
56 1366
56 1443
56 1724
56 2155
57 1337
58 358
58 422
58 794
58 1230
59 1095
60 770
60 1131
61 612
61 1580
61 1988
62 412
62 487
62 762
62 1975
63 488
63 1223
64 112
64 739
65 466
66 482
66 566
67 198
67 1125
67 1912
68 636
68 1027
68 1438
68 1445
68 1688
68 2224
69 742
69 2143
70 1451
70 2081
71 978
71 1263
72 389
72 1602
73 665
73 1869
74 160
74 1477
74 1912
75 795
75 919
76 210
76 231
77 1262
77 1640
77 1750
78 104
78 526
79 301
79 2224
79 2335
79 2399
80 587
80 1902
81 611
81 1347
81 1405
81 2184
82 2301
83 133
83 876
83 1902
84 748
84 1382
84 1397
85 2202
86 867
86 1582
87 1245
88 410
88 861
88 2371
89 135
89 764
89 1333
89 1417
90 137
90 1471
90 2407
91 957
92 927
92 1353
93 823
93 2337
94 1467
95 485
95 2128
95 2295
96 751
96 1483
97 938
98 1068
99 191
99 1697
100 937
100 1295
100 1744
101 1191
101 1452
102 341
102 593
102 688
102 1254
103 1224
103 1469
103 1606
104 2203
105 1104
106 202
106 661
106 1288
107 262
107 648
107 2304
108 339
108 1003
108 2031
108 2136
109 185
109 312
109 810
109 1258
109 1587
110 645
110 965
111 709
112 761
112 1459
112 2062
112 2356
113 487
114 603
114 2252
115 1729
116 446
116 1293
117 2021
118 679
119 1113
119 1655
119 1851
119 1909
119 2340
119 2360
120 418
120 554
121 945
121 1961
121 2062
122 1381
122 1622
122 2151
123 1156
123 1658
123 1783
124 569
124 1536
124 2352
125 458
125 641
125 671
125 2390
126 273
126 1193
127 1270
127 1608
128 981
128 1723
129 1322
129 1484
129 1650
129 1766
130 714
130 2258
131 1435
132 2143
132 2168
133 434
133 520
133 1754
134 1975
136 1003
136 1078
136 1735
137 231
138 367
138 452
138 506
138 2323
139 1429
140 480
140 2291
141 2188
142 1853
143 1074
143 1353
143 1762
143 1959
144 379
144 2254
145 660
145 1139
146 343
146 708
147 1378
148 1305
149 269
149 1940
150 1776
151 1203
151 1680
151 2138
152 2252
153 328
153 1291
154 347
154 598
154 796
154 1553
155 2112
156 832
156 1356
156 1616
156 2095
156 2372
157 2322
158 868
158 1634
158 2229
158 2335
159 1804
159 2164
160 938
160 1926
161 1024
162 1050
163 2144
164 1203
164 1665
165 1479
165 1812
166 661
166 1521
167 375
167 633
167 2077
167 2301
168 407
169 1304
170 2029
171 257
171 743
171 1802
171 2163
172 815
172 1140
172 2334
173 642
173 1371
173 2327
174 200
174 1452
174 1523
175 814
176 363
176 1516
177 391
178 858
178 1708
179 1049
179 2396
180 782
180 857
180 1330
180 1560
181 1454
181 1754
181 1780
182 1577
182 1873
182 2314
183 997
184 189
186 798
187 946
187 2218
188 249
188 369
188 596
188 1158
188 1420
189 585
189 1906
190 1140
190 2042
191 826
191 866
192 2219
193 1326
194 1179
195 277
195 1425
195 1886
195 2046
196 771
196 2143
197 1418
198 576
198 1161
198 1558
198 1598
198 2386
199 1702
199 1919
200 368
200 2196
201 886
201 1409
202 918
202 1955
203 904
203 1268
203 2315
203 2403
204 346
204 676
204 946
204 1038
205 850
205 1879
205 2046
206 257
206 1367
206 1991
206 2124
207 1142
207 1403
207 1671
208 1740
209 571
209 2270
210 1397
210 1980
211 624
211 1053
211 1147
211 2394
212 469
212 1067
212 1267
213 1080
213 1219
214 709
214 1489
214 1931
214 2019
215 645
216 1679
217 2381
218 513
218 1737
218 2226
219 832
220 271
220 726
220 2101
220 2183
221 2310
222 1253
222 1708
222 2284
223 1284
224 815
225 667
225 849
226 1399
226 1478
226 1521
226 1648
226 2356
227 1038
227 1044
227 1771
228 585
228 820
228 1306
228 1968
229 1785
229 2032
230 1690
231 943
231 1058
232 1705
232 2340
233 1136
233 1174
234 770
234 1114
235 271
235 1571
235 1900
235 2352
236 920
237 323
237 544
238 278
238 1508
238 1883
239 1127
239 1615
240 571
240 1099
240 1982
241 592
241 978
241 1889
242 1669
242 1906
243 1304
243 1908
244 1370
244 1765
244 2017
245 2143
246 2181
247 365
247 2368
248 1087
248 1678
249 1211
249 1319
249 1589
249 1593
250 504
250 1434
251 1823
252 444
253 446
254 377
254 839
254 1274
255 830
255 1717
256 1589
257 1092
257 2379
258 1668
258 2037
259 1240
259 2359
260 1470
260 1775
261 2132
261 2252
262 1554
263 983
263 1926
264 1130
264 1766
265 684
265 2314
266 605
267 1311
267 2387
268 1057
269 1052
269 1943
270 289
272 1732
272 2124
273 1865
274 1113
274 1277
274 1295
275 2083
276 344
278 511
278 2195
279 537
280 1503
280 1829
281 730
281 1372
281 2224
282 568
282 1210
282 1753
282 1772
282 1869
283 1221
283 1779
284 2012
285 1255
285 1866
285 1871
286 745
287 554
287 2292
288 2086
289 2094
289 2231
290 464
290 1951
291 752
291 1077
291 1442
291 1553
292 1743
293 421
293 836
293 1186
293 1959
294 437
295 1286
295 1373
295 1377
295 1965
296 1013
297 1957
298 502
298 603
298 1655
299 1659
300 359
301 1369
302 2057
302 2380
303 927
303 1050
304 1367
304 1927
305 369
306 686
306 924
306 1959
307 404
307 651
307 1189
308 1164
308 2202
309 1587
310 1790
311 1721
313 1238
313 1762
314 353
314 739
314 2307
315 391
315 2089
315 2164
315 2392
316 1665
317 1362
317 1644
318 932
318 2073
319 775
319 1833
320 365
320 1068
320 1267
321 533
322 1601
323 335
323 1322
323 2365
324 461
324 767
324 1754
325 2246
326 1285
327 622
327 865
327 1223
329 472
329 1827
330 1702
331 1028
331 1666
331 2031
332 566
332 1627
333 2028
334 2052
334 2085
334 2123
334 2373
335 1288
336 469
336 1203
336 1980
337 488
337 1430
337 1782
338 1526
339 1870
340 494
340 1858
341 2309
342 2343
343 1458
343 1494
343 2081
344 1652
345 447
345 571
345 1485
345 2027
347 1659
348 796
348 934
348 1839
349 519
350 1295
350 2139
350 2270
351 2024
352 789
353 1898
354 2177
354 2344
355 402
355 508
355 733
355 1597
356 1125
356 1495
357 2314
358 1583
358 1811
359 549
359 1421
359 1618
360 1466
361 1070
362 438
362 620
363 904
364 610
364 1126
365 873
365 947
365 1907
366 703
366 803
366 2021
367 1242
367 1919
368 766
368 1430
369 1030
370 1233
370 1239
371 1181
371 1528
371 1707
371 2201
372 1447
373 1869
375 2263
376 1683
376 2343
378 1294
378 1928
378 1974
378 2076
379 2325
379 2373
380 1415
381 458
381 902
381 1737
381 2197
382 758
382 1129
382 1163
382 2199
383 1780
384 1730
384 2272
385 413
385 2200
386 574
386 1779
387 730
388 990
388 1101
389 686
389 2066
390 1853
392 488
392 1289
392 2067
392 2292
393 1742
394 497
394 628
394 1794
395 829
395 2061
395 2348
396 2027
397 2096
398 1817
399 618
399 1621
399 1721
399 1886
400 1326
400 2294
401 404
402 1481
403 706
403 1704
403 2035
403 2374
405 961
405 1337
405 2141
406 621
407 910
407 2060
408 1595
408 2214
409 1089
409 1321
409 2235
410 491
410 1087
410 1307
411 841
411 1046
411 1149
412 1128
412 2131
413 1620
413 2164
414 1771
415 607
415 681
415 816
415 1436
415 2055
416 1557
416 1694
417 713
417 1504
417 1950
418 1466
418 1768
419 736
420 1478
421 1018
421 1050
422 507
422 1578
422 1823
422 2129
423 907
424 2226
425 942
425 1752
425 1779
425 2303
426 526
427 988
428 1079
428 1483
428 2321
428 2381
429 1134
429 1214
430 1402
430 1824
431 839
432 507
433 901
434 1863
435 586
435 1549
436 1709
436 1967
437 1099
437 1103
438 1748
438 1926
439 466
440 745
440 1317
441 1333
441 1738
441 1755
442 736
442 2014
443 490
443 512
443 1525
444 1570
445 1662
446 2147
446 2207
446 2283
447 2332
448 878
448 1362
450 1531
450 2153
450 2282
451 1991
453 1337
454 2217
454 2286
455 912
455 1911
456 815
456 2192
457 2353
458 959
458 1030
458 1371
458 1940
459 2128
460 853
460 1040
461 471
461 1500
461 2326
462 2407
463 2044
464 819
464 1070
464 1299
464 2110
465 1704
466 890
466 1131
467 527
467 749
467 1150
468 2103
469 996
469 1240
470 586
470 742
473 724
474 531
475 1168
476 974
476 1016
477 1194
477 1346
477 1843
478 908
478 938
478 1791
479 1017
479 1383
480 1772
481 564
481 1816
482 1588
483 818
484 1640
486 493
486 2005
487 525
487 950
487 2303
488 1236
489 2018
492 680
492 872
492 2079
493 1276
493 1466
494 1808
495 1455
496 1961
496 2158
498 2111
499 987
499 1302
499 2250
500 1045
501 1286
502 1124
503 514
504 1341
505 935
505 1024
506 666
507 1495
508 2139
509 1478
509 1933
510 1132
510 2064
511 1361
512 1090
513 1134
513 2094
513 2267
514 570
515 562
515 1635
516 1021
516 2279
516 2287
517 710
517 2048
517 2111
517 2212
518 2023
519 1628
519 2070
519 2075
519 2276
521 1603
522 1348
522 1600
523 936
523 1102
523 1511
523 1930
524 702
524 1048
524 2056
525 928
525 1412
525 2033
527 1773
528 1135
530 1731
530 2160
530 2300
531 1218
531 2231
532 811
532 1111
533 1065
533 1474
533 1534
534 625
534 793
534 1053
534 1363
534 1695
534 1957
535 1251
535 1257
536 979
536 2235
537 2386
538 1603
539 609
539 1583
540 1186
540 1829
541 841
541 1385
541 1587
541 1795
542 828
542 912
542 2026
543 1027
545 784
545 813
545 994
545 1214
545 1735
545 1935
546 760
546 1167
547 2324
548 1010
548 1687
548 2089
549 1567
550 1873
551 1047
551 2005
552 640
552 1538
553 724
553 1560
554 1215
554 1898
555 972
556 2105
557 1055
557 1081
558 674
558 1400
559 699
559 1054
560 575
560 1415
561 1877
561 1952
562 1908
563 1551
563 1695
563 2336
564 822
564 970
565 1520
566 1079
567 1568
567 1996
568 760
568 1819
568 1834
569 579
570 891
570 991
570 2040
571 1712
572 778
572 1166
573 832
573 1917
573 1982
573 2405
575 980
575 1916
575 2173
576 928
576 1301
576 2201
577 1688
578 901
578 1553
578 1683
579 1285
579 1731
579 1900
580 988
581 1765
582 1650
582 1756
582 2064
583 1050
584 1169
585 640
585 1170
585 1179
586 1072
586 1364
586 2125
587 705
588 1134
588 1389
588 2399
589 1036
589 1846
589 2216
590 1575
590 1622
590 2147
591 1302
591 1802
591 1812
592 736
592 1725
592 2284
593 1227
594 2141
595 1055
596 636
597 2113
598 638
598 1503
599 817
599 1143
599 2362
600 868
600 899
600 949
600 987
600 1774
600 2094
601 964
602 1565
604 1360
605 1801
606 1059
606 1131
607 1561
608 2295
609 1663
610 752
610 813
610 1414
611 1155
611 2310
612 1734
613 1075
613 2133
614 776
615 1135
615 1520
615 2384
616 1839
616 2386
617 739
617 1744
617 2340
618 1215
619 2070
620 664
620 665
620 927
620 947
621 1138
621 1505
621 2067
622 1563
622 2273
622 2359
623 1028
623 2146
626 990
627 1394
627 1901
628 1071
628 1527
628 1929
629 2390
630 1035
630 1587
630 1760
630 2385
631 699
631 941
632 1268
632 1716
633 1576
634 741
634 1669
635 1532
636 1196
637 1910
638 1273
638 1746
639 763
639 1816
639 2279
641 915
642 812
643 1131
644 690
644 907
644 1118
644 1466
644 1584
644 2208
644 2263
645 766
645 2184
646 1872
646 2331
647 2194
649 1019
650 1751
651 2313
651 2387
652 773
652 2160
653 1008
653 1272
654 1525
655 1576
655 2121
656 1079
656 1303
657 1636
658 2232
660 2298
661 1860
662 767
662 1216
662 2016
663 995
663 1666
663 1923
665 1359
667 1376
668 1237
668 1605
668 2208
669 1743
669 2026
670 2241
670 2342
671 2398
672 1781
672 2244
672 2335
673 1328
673 2039
673 2096
673 2402
675 682
675 1434
677 1181
677 1542
677 1874
678 903
679 2202
680 2358
681 850
681 2218
682 790
682 1757
682 2053
683 748
683 1340
683 1440
683 1526
683 2398
685 1249
686 1383
687 1648
687 2375
688 1580
688 2177
689 1091
689 1271
689 1931
690 1219
690 2227
691 2034
692 752
692 1349
692 1681
693 1201
693 1904
693 1954
694 1184
695 754
696 836
697 1275
698 1660
698 1668
700 1994
701 823
704 1523
706 1227
707 1346
707 1576
708 751
708 954
709 2144
710 1212
710 1648
710 1686
711 874
712 1065
714 1525
714 2240
715 1746
716 2034
717 980
717 1285
717 1740
717 2259
718 858
718 1723
718 2382
719 1785
720 1732
720 2178
721 1843
722 1031
723 986
723 1595
723 2042
724 1488
725 1725
725 1954
726 1850
727 1058
727 2220
728 1295
728 2366
729 1116
729 2289
730 1187
730 2260
731 780
731 1773
731 2079
732 2077
732 2354
733 806
733 1762
733 1978
734 1009
735 1407
735 2118
736 1071
736 1428
736 1608
736 1808
736 2329
737 2347
738 755
738 1238
738 2388
739 779
739 1977
740 868
741 1344
744 1448
744 2341
745 1442
745 1985
747 2057
747 2325
748 1385
748 1492
749 1450
750 1978
751 819
751 1394
752 1735
752 2027
752 2148
753 1189
754 1040
754 1344
754 1974
755 1441
756 1161
756 2277
757 841
757 2074
758 1030
759 1012
759 1727
759 1780
760 927
760 1375
761 1380
764 776
764 2219
765 856
765 2333
767 1495
767 1626
768 1974
769 2163
770 2152
771 1312
771 2281
772 1858
773 2009
774 2406
776 892
776 2082
777 920
777 1465
777 1615
777 2065
778 1144
779 1004
779 1026
780 1176
780 1284
780 1469
781 1992
783 1836
784 1057
785 2173
786 1464
786 1967
787 1721
787 1739
787 2358
788 1530
788 2025
788 2313
789 1819
789 2028
789 2123
790 1579
791 1448
791 2125
791 2324
792 822
792 933
793 1526
794 1054
794 1165
795 1090
796 1121
797 1571
798 1534
799 1469
800 1905
801 913
801 1661
801 1696
801 2314
802 1487
802 1532
802 1754
803 1709
804 1231
805 1310
805 2258
805 2365
806 1801
807 1123
807 1384
807 1776
808 1408
808 1615
809 1573
809 1742
810 1441
811 943
811 1465
811 1531
813 1160
813 2097
813 2106
813 2322
814 1507
814 2102
815 1941
816 1290
816 1539
816 1563
817 1323
818 1581
818 1604
818 2305
819 831
819 2134
819 2371
820 2026
821 1084
821 1643
822 1210
822 1755
823 941
823 2214
824 1769
824 2179
825 1097
825 2025
825 2094
825 2107
826 1100
826 1781
827 1676
828 2346
830 1271
831 1507
831 1787
831 2330
832 1401
833 2284
835 2174
836 1349
836 1966
837 1444
838 2352
839 962
839 1392
839 2262
840 1855
840 2400
841 913
841 2288
841 2309
842 929
842 1789
842 2066
843 1147
844 1082
845 2125
846 2282
847 964
847 2229
847 2345
848 1100
848 1286
848 1412
849 1668
851 2058
851 2359
852 1940
854 1324
855 879
855 1583
856 1576
856 2004
857 2187
859 1623
859 2025
859 2120
860 2058
861 1204
861 1664
861 1731
862 1007
862 1078
862 1339
863 879
863 1635
863 1729
864 957
864 1627
864 1651
866 1412
866 2100
867 2091
868 1400
868 1682
869 915
869 1417
869 2188
870 1890
871 1205
871 1327
871 1666
872 1913
873 1066
873 1540
873 1857
873 2162
874 1184
874 1741
874 2121
875 917
875 1655
875 1752
876 1483
876 2060
876 2258
877 1523
877 2231
877 2391
878 1181
878 2295
879 995
879 1970
880 2011
881 1594
881 1596
882 954
882 1830
882 1999
882 2356
884 1768
885 1593
885 1771
885 2180
886 1812
886 2072
886 2206
887 1449
887 2369
888 1498
889 1154
890 2376
891 1186
893 1325
893 1605
893 2089
894 1345
894 1393
895 1189
895 1974
896 2176
897 2311
898 1645
898 2039
899 2178
900 1501
900 2339
901 1407
902 1763
903 1022
903 1788
904 1672
905 2076
906 1935
907 2168
907 2317
908 969
908 1456
909 984
909 1504
910 1092
911 1506
911 1801
913 1315
913 2013
914 1220
915 1171
915 1373
916 1651
916 2117
917 1099
917 1186
918 1986
919 921
919 1197
919 2345
920 1038
920 1319
922 1094
922 2053
923 2324
924 1599
924 1994
925 1410
925 1475
925 1481
925 1617
925 1885
926 1531
926 1684
928 2074
929 2129
930 1478
930 1802
931 1761
932 1484
933 1170
933 1380
933 1868
933 1984
935 1757
937 1028
937 1549
939 1693
940 1190
940 1247
941 954
944 1337
945 1015
945 1786
945 2021
946 1110
947 1287
947 1814
947 2245
948 1547
948 1609
949 1274
951 1031
952 2198
953 1229
953 1385
954 2379
955 1217
955 1297
955 1305
955 1334
955 1745
956 960
956 1171
956 1582
956 2146
957 1925
957 2327
958 1109
958 1519
959 1387
959 1803
960 2176
961 1703
963 1152
963 1204
963 2276
963 2353
964 1378
965 1142
966 1441
966 2047
967 1225
967 1489
968 1250
969 2002
969 2318
971 1591
971 1630
972 1807
972 1820
973 1455
973 1620
973 1649
974 2392
975 2154
975 2167
975 2361
976 1691
977 1158
977 1946
977 2112
978 1419
978 1949
979 2241
980 1487
981 1631
982 1496
982 1899
985 1068
985 1976
985 2232
987 1365
988 2404
989 1338
989 1345
989 1979
990 1267
991 1367
992 1081
993 1577
993 2297
993 2337
994 2086
996 1041
996 1646
996 2220
997 2110
997 2182
998 1104
998 1611
999 2126
1000 1523
1000 2194
1001 1710
1002 1164
1003 1753
1005 2384
1006 1119
1006 2031
1007 1611
1008 2335
1009 1606
1009 2357
1011 1270
1012 1040
1013 2297
1014 1237
1016 2342
1018 1721
1018 2118
1020 1407
1020 1722
1020 2198
1021 1884
1023 1728
1024 1326
1025 1811
1025 1964
1027 1633
1028 1655
1029 1739
1029 1834
1030 1958
1030 2004
1031 1916
1032 1638
1032 2048
1032 2406
1033 1308
1034 1122
1035 1682
1037 1071
1039 1175
1039 2004
1041 1585
1041 1667
1041 1934
1042 1096
1042 1324
1043 1097
1043 2320
1044 1170
1044 1963
1044 2113
1045 1308
1045 1858
1045 2224
1046 2119
1047 1446
1048 1278
1048 2191
1049 2099
1050 1660
1051 2321
1052 1732
1052 2227
1052 2339
1053 2251
1054 2377
1055 2104
1056 1277
1056 1533
1057 2174
1058 1978
1060 1958
1061 1986
1062 1375
1062 1835
1062 1929
1062 1939
1063 1686
1063 2110
1064 1588
1064 1885
1066 2076
1067 1825
1067 1908
1068 1233
1068 1572
1068 1603
1068 1800
1068 1929
1068 1980
1068 2236
1069 1730
1069 1815
1069 1897
1069 2330
1070 1995
1071 1711
1072 2179
1073 1207
1073 1529
1074 1945
1075 1590
1075 1678
1076 1193
1076 1303
1076 2274
1078 1372
1080 1226
1081 1470
1082 2362
1083 2190
1084 2366
1085 2327
1086 1141
1086 1164
1086 2332
1088 1104
1088 2033
1090 1270
1092 2136
1093 1569
1094 1186
1094 1721
1094 1759
1094 2044
1095 2084
1096 1223
1096 1438
1096 1988
1097 1547
1098 1188
1098 2044
1100 1183
1100 1721
1101 1759
1102 2118
1103 1530
1103 2234
1104 2150
1105 1434
1105 1546
1106 2018
1107 1772
1108 1586
1108 2153
1108 2273
1109 1471
1109 1562
1110 2271
1111 1507
1112 1118
1112 2134
1112 2172
1113 2394
1115 1609
1115 1899
1116 1410
1116 1687
1116 2273
1117 2105
1117 2293
1118 2303
1120 1485
1120 1706
1120 1928
1120 2136
1120 2268
1122 1538
1123 2392
1124 1805
1125 1665
1126 1474
1128 2227
1129 2354
1131 1556
1131 1982
1133 2119
1134 1820
1134 2042
1135 1520
1137 1832
1137 1999
1138 1793
1139 1261
1139 1895
1140 1830
1140 1848
1140 1883
1141 1922
1143 1201
1145 2100
1145 2368
1146 1168
1146 1998
1147 1526
1148 1214
1151 1312
1152 1201
1152 1418
1152 1793
1153 1369
1153 1618
1154 1370
1154 1626
1155 2301
1156 2031
1156 2147
1157 1686
1158 1219
1159 1865
1160 1361
1160 1560
1162 1833
1163 1722
1165 1947
1165 2253
1166 1682
1166 2134
1169 1174
1170 2384
1172 1928
1173 1328
1173 2112
1174 2251
1175 1548
1175 1917
1177 1814
1178 1480
1178 1551
1178 1818
1179 2024
1179 2287
1180 1354
1180 2142
1180 2345
1181 1693
1182 1375
1182 1879
1182 2263
1185 1768
1185 1923
1185 2012
1186 1680
1186 2088
1187 1900
1189 1510
1190 2312
1191 2296
1192 1723
1192 1933
1192 2370
1193 1675
1193 1948
1194 2389
1195 1741
1195 2041
1196 1924
1197 1543
1198 1919
1199 1496
1200 1369
1200 1860
1200 2355
1201 1476
1201 2081
1203 2242
1204 1638
1204 1944
1205 1536
1205 2294
1205 2345
1206 1268
1206 1629
1207 1347
1208 2095
1208 2250
1209 1675
1209 1779
1210 1308
1210 2283
1211 2397
1212 1406
1212 1624
1212 1963
1213 1437
1213 2179
1214 1399
1215 1773
1215 1870
1216 1555
1217 1257
1220 1222
1221 2050
1221 2054
1222 1689
1223 2007
1224 1869
1226 1791
1227 1318
1227 1338
1228 1287
1228 2044
1229 2351
1230 1361
1230 2345
1231 1845
1232 1514
1233 1389
1233 1631
1233 2249
1234 1369
1235 1466
1235 2068
1236 1671
1237 1908
1237 2305
1240 2087
1241 1264
1241 2326
1243 1254
1244 1964
1244 2276
1244 2374
1245 1553
1246 1357
1247 2146
1248 1546
1249 1314
1250 2141
1251 1544
1251 2122
1251 2170
1252 1559
1253 2349
1255 1851
1256 2381
1258 1497
1258 1590
1259 1515
1260 1315
1260 1777
1260 1900
1260 1921
1260 2247
1261 1841
1262 2093
1265 1422
1265 1936
1266 1830
1266 1945
1267 1996
1268 1935
1269 1992
1269 2015
1270 1856
1270 2165
1270 2290
1271 1725
1271 2170
1272 1408
1273 1315
1274 1662
1274 1805
1275 1713
1276 1401
1278 1654
1278 1767
1279 1297
1279 1833
1280 1411
1280 1796
1281 2367
1282 2071
1282 2079
1282 2149
1282 2363
1282 2398
1283 1972
1285 2098
1285 2229
1286 1661
1286 1702
1289 1554
1289 2099
1290 1382
1290 1395
1291 2114
1292 1591
1292 2104
1293 2010
1296 2241
1298 1587
1298 1674
1300 1343
1301 1905
1306 1642
1307 2151
1308 1865
1309 1647
1310 1410
1310 2331
1311 1328
1312 1920
1313 1511
1314 1764
1316 1411
1316 2317
1317 2111
1319 1520
1319 1632
1319 1827
1319 1915
1320 1488
1320 2363
1321 2166
1322 1972
1326 1764
1327 1575
1327 1844
1327 2301
1328 1890
1329 1676
1329 2006
1329 2213
1330 1402
1331 2190
1332 2084
1333 1933
1335 2035
1336 2336
1339 2134
1342 1863
1342 2346
1343 1487
1343 1562
1343 1670
1344 2197
1344 2288
1345 1628
1346 1622
1346 1961
1347 2255
1349 2354
1349 2395
1350 1418
1350 1731
1350 1782
1350 1862
1351 1807
1351 1854
1352 2407
1354 1758
1354 1877
1355 1876
1357 1990
1358 1564
1358 2031
1358 2197
1362 2135
1364 1551
1366 2058
1368 1558
1368 2246
1370 2145
1370 2328
1373 2219
1374 1603
1374 2289
1376 2060
1377 1509
1377 2225
1378 2040
1379 2085
1379 2384
1380 1675
1381 1528
1382 1430
1382 2347
1384 2291
1385 1790
1386 1588
1386 2281
1387 2175
1388 1558
1388 1961
1389 1592
1389 2148
1390 1677
1390 2236
1391 1996
1393 2331
1395 1928
1396 1889
1397 2343
1398 2003
1399 1688
1402 1953
1402 2274
1402 2298
1404 1675
1404 1959
1406 1787
1408 2186
1413 2013
1413 2020
1414 2139
1414 2250
1414 2298
1415 2040
1416 1459
1416 1806
1416 2219
1417 1682
1419 2270
1420 2052
1422 1943
1423 1904
1424 1431
1424 1517
1424 1970
1425 2232
1426 1888
1427 2061
1428 1567
1428 2161
1428 2272
1429 1639
1430 1713
1431 1661
1431 2221
1431 2388
1432 2360
1433 2299
1435 1678
1435 1992
1437 1535
1438 1690
1439 1652
1439 2330
1441 1818
1442 1986
1443 2278
1444 2086
1445 1945
1446 1800
1447 1882
1448 1742
1450 2238
1451 2309
1453 1627
1454 1689
1454 2158
1457 1921
1457 2046
1459 1872
1460 1998
1461 1867
1461 2389
1462 1481
1462 1774
1463 2184
1464 1738
1465 2078
1466 2266
1467 1803
1468 2225
1468 2256
1470 2187
1471 2395
1472 2187
1473 2223
1475 2401
1477 2302
1478 1750
1478 2064
1480 2105
1480 2212
1481 1513
1482 1702
1484 1502
1486 1896
1487 2392
1489 1810
1490 1955
1491 1542
1492 1871
1493 2146
1494 1620
1494 2185
1495 1543
1498 1872
1499 1663
1502 1864
1509 1991
1510 1543
1510 2167
1511 1543
1511 2115
1512 2233
1513 2085
1514 2227
1515 1590
1515 1906
1517 1856
1518 1750
1518 2317
1519 2017
1519 2327
1520 2131
1521 1563
1522 1884
1522 2374
1523 2248
1524 1972
1525 1800
1525 2252
1525 2342
1526 1646
1526 1800
1526 2204
1527 1807
1529 1630
1529 2074
1530 1686
1530 1997
1531 1613
1531 2000
1534 2173
1537 2393
1541 2390
1543 1931
1544 2277
1545 1958
1546 1909
1546 2121
1546 2128
1548 1842
1548 2253
1550 1617
1552 1750
1552 2098
1553 1921
1554 2280
1555 2021
1555 2105
1559 2066
1560 2361
1562 2013
1563 1747
1563 2353
1564 1733
1564 2001
1564 2233
1565 1880
1565 2284
1565 2290
1567 1656
1568 1692
1568 2089
1569 1738
1570 1656
1571 2170
1571 2367
1573 2036
1574 2011
1574 2098
1574 2268
1575 2305
1582 1595
1582 1770
1582 1886
1584 2058
1585 1768
1585 1914
1586 1749
1588 2059
1588 2238
1589 1738
1589 2037
1590 1660
1591 1925
1591 2109
1592 1672
1592 1886
1592 1941
1595 1797
1596 1963
1597 2204
1597 2374
1601 2330
1602 2325
1603 1938
1604 2011
1607 2179
1608 2305
1609 1910
1610 2064
1611 1691
1612 2364
1613 1982
1614 1962
1617 1899
1617 1918
1617 2089
1619 2105
1619 2292
1620 1638
1622 1956
1623 2180
1625 1861
1628 1712
1631 2215
1636 2311
1637 2270
1638 1934
1639 2311
1640 2353
1641 1736
1643 2033
1644 1756
1645 2112
1646 1985
1647 1944
1647 2251
1648 1850
1649 2251
1650 1969
1650 2004
1651 2129
1651 2318
1653 1724
1653 1745
1654 2093
1654 2304
1655 1855
1655 2402
1657 1707
1657 2009
1666 1969
1668 2041
1668 2232
1672 1674
1673 2403
1677 1819
1677 2228
1679 1793
1681 2282
1683 2003
1685 1699
1687 1785
1688 2286
1689 1920
1689 1967
1690 1785
1694 1961
1695 1728
1696 1775
1696 2082
1697 2190
1697 2265
1698 2124
1699 1837
1700 1798
1701 2156
1705 1973
1707 1843
1710 2017
1713 2340
1714 2245
1715 2039
1717 1860
1717 1970
1718 1936
1718 2053
1718 2067
1719 1910
1720 1881
1720 2230
1724 1989
1725 1814
1725 2063
1726 2382
1727 2127
1727 2312
1728 1936
1729 2357
1730 2051
1730 2159
1731 2101
1732 1742
1732 2155
1734 1881
1735 1849
1736 2022
1737 1929
1738 1740
1741 1877
1741 2369
1743 1932
1745 1877
1745 2274
1745 2404
1748 2303
1749 2156
1750 1767
1751 1920
1753 2128
1753 2204
1753 2206
1759 1985
1761 2124
1762 2108
1763 1893
1764 1771
1765 2199
1766 2237
1767 1922
1768 1983
1770 2020
1772 2264
1773 2001
1773 2114
1774 1885
1774 2333
1776 1838
1777 2151
1778 2132
1780 2125
1783 2014
1783 2131
1783 2373
1784 1873
1786 1846
1789 2148
1791 2017
1792 2258
1798 2209
1798 2292
1799 1999
1805 1857
1809 2029
1809 2096
1809 2173
1813 2275
1816 2137
1817 2158
1817 2224
1819 1991
1821 2332
1822 2335
1823 1852
1824 2080
1824 2123
1825 1877
1825 1898
1826 2353
1828 1840
1829 1880
1830 2014
1831 1882
1832 2348
1833 2085
1835 2142
1837 2237
1841 1960
1844 1891
1844 2183
1845 2290
1847 2107
1848 1896
1853 1936
1856 2109
1857 2057
1858 1859
1859 2324
1859 2364
1860 1980
1860 2200
1861 1924
1863 2097
1865 1932
1872 2076
1873 2246
1873 2256
1875 1906
1878 1991
1882 2347
1883 2205
1886 1933
1888 2091
1888 2261
1888 2367
1889 2217
1891 2393
1892 2306
1894 2186
1894 2247
1894 2249
1903 1918
1904 2216
1907 2049
1921 2089
1924 2042
1926 2024
1932 2111
1933 2111
1936 2303
1937 2101
1939 2396
1940 2368
1945 1992
1946 2114
1952 2004
1952 2310
1955 1961
1960 2166
1961 2210
1962 1987
1964 2279
1971 2249
1975 2116
1976 2253
1978 2084
1981 2242
1984 2141
1986 2390
1990 2380
1991 2317
1991 2407
1998 2011
1998 2047
2000 2213
2001 2211
2002 2296
2008 2133
2009 2278
2011 2159
2013 2316
2020 2044
2022 2147
2023 2246
2025 2269
2030 2347
2034 2180
2035 2326
2035 2338
2037 2087
2038 2185
2045 2238
2048 2343
2053 2116
2056 2244
2057 2285
2063 2307
2065 2086
2065 2184
2069 2215
2070 2234
2077 2189
2079 2366
2080 2198
2080 2350
2083 2103
2083 2281
2086 2267
2090 2305
2092 2291
2094 2308
2095 2146
2095 2335
2096 2171
2096 2251
2107 2192
2109 2267
2111 2125
2114 2381
2117 2378
2119 2140
2121 2263
2126 2265
2127 2243
2130 2288
2132 2393
2142 2193
2142 2287
2143 2271
2152 2165
2163 2227
2165 2370
2172 2229
2177 2222
2177 2363
2179 2239
2179 2367
2182 2346
2185 2267
2185 2376
2189 2203
2197 2311
2202 2249
2208 2278
2210 2306
2220 2347
2226 2383
2226 2403
2232 2376
2233 2273
2242 2393
2246 2318
2253 2269
2257 2306
2275 2371
2281 2338
2284 2320
2289 2337
2299 2324
2319 2365
2345 2364
