0 847
0 6261
0 7887
1 1983
2 4292
2 7893
3 4211
3 4601
3 5228
4 239
4 5885
5 564
5 2286
5 3029
5 6624
6 2491
6 4514
6 6834
7 3308
8 3815
9 1144
9 2211
10 3960
11 244
11 3636
11 5137
12 411
12 585
12 2556
12 2626
12 4323
13 3648
13 3963
13 4345
13 5670
13 7266
14 484
14 519
14 1191
14 6597
15 2330
15 4338
15 6356
15 7246
16 7600
17 2729
18 1429
19 3783
19 6368
20 174
20 822
20 4943
20 6050
20 6781
20 6820
21 112
21 1660
21 2152
22 4362
22 6056
23 1169
23 3824
23 4065
23 4908
24 4757
24 6747
25 433
25 1981
26 1553
26 4898
27 2765
27 6568
28 4293
28 5629
28 7316
29 153
29 665
30 4567
31 6669
32 60
32 2283
32 2404
32 2817
32 5875
33 5713
34 871
34 1878
34 2824
34 4190
35 7843
36 1054
37 4512
37 7113
38 5509
38 6390
38 7151
39 5198
39 5537
39 6932
39 7737
40 1529
40 5238
40 7197
41 1262
42 5353
42 6891
43 2314
43 3943
43 7822
44 751
44 6632
44 6911
44 6929
45 589
45 737
45 5536
45 5891
46 6180
46 7515
47 6940
48 4435
48 5004
48 7845
49 301
49 652
49 1712
49 5708
50 1447
50 5958
50 6245
51 296
51 2020
52 2450
52 4370
53 3346
53 3499
54 4145
55 3314
56 7043
57 1525
57 4007
58 3988
58 5634
58 5988
58 7863
59 1172
59 1247
61 6068
62 476
62 848
63 896
63 4523
63 6158
63 6803
64 2618
64 7651
65 764
65 6053
66 7641
67 1080
68 3419
68 5981
69 5844
69 5916
70 2858
70 7217
71 114
71 718
71 4871
71 6372
72 1683
72 4278
72 7947
73 6095
74 412
74 7849
75 3614
75 4685
75 5206
76 1102
76 3811
76 4913
77 2739
78 3369
78 4700
78 5704
79 2470
79 3828
79 5900
79 5966
80 2833
80 3491
80 7913
81 710
81 2139
81 2202
81 2699
81 3585
82 7777
83 865
83 5181
83 5688
84 2071
85 101
85 6865
86 3296
86 3843
87 7507
88 3465
88 5267
89 4550
89 6594
89 7535
90 453
90 1457
90 2925
91 1657
91 3735
91 4688
92 867
92 3116
92 3847
92 7005
93 657
93 1321
93 3310
93 5420
94 1681
94 7289
95 6907
95 7634
96 4977
97 1436
97 2364
97 3763
97 5012
97 7414
98 3678
98 6624
98 7056
99 4261
99 4434
99 5006
100 4937
100 5604
100 5795
101 6417
102 1658
102 4829
103 5400
104 1846
105 2358
105 3975
105 6909
106 3515
106 4013
106 4653
107 126
108 580
108 1899
108 4650
109 765
109 3435
109 4406
110 5063
110 5680
111 622
111 5308
111 6397
111 7612
112 3132
112 3958
113 6197
114 683
114 2680
114 7446
115 4728
115 4870
116 4363
117 5403
117 5939
118 1928
118 4453
118 5843
118 5917
118 5965
119 1801
120 1903
121 2525
122 2609
123 3612
123 4953
124 1289
124 4383
124 5714
125 2789
126 5339
127 762
127 1166
127 2482
127 7551
128 2713
128 7082
129 725
129 5737
130 912
130 2676
130 5261
130 7081
131 4522
132 173
132 1516
133 4099
133 7158
134 2565
134 4360
135 1053
135 3667
136 1063
136 3906
136 7493
137 2689
137 5542
137 6723
138 867
138 5382
139 5438
139 7882
140 686
140 4302
140 6303
141 833
141 6099
141 6336
141 6464
142 3787
142 3935
143 2324
143 6813
144 690
144 6311
144 7649
145 6031
146 4299
146 6477
146 7372
147 2693
147 7840
148 7620
149 2736
149 3832
149 5938
150 476
150 5640
151 250
151 2055
151 3018
151 4511
152 3221
153 1940
153 6797
154 7080
155 1691
155 3379
156 644
156 4270
157 459
157 4545
157 6098
158 5021
159 1570
159 2149
159 4876
160 3524
160 4666
160 5892
161 1232
161 1732
161 5790
161 7744
162 1197
162 1296
163 1586
163 4128
163 4192
164 5570
165 1022
165 1810
165 3753
166 1433
166 3017
166 3441
166 5180
167 3095
167 6811
168 894
168 963
169 1683
169 5700
170 1785
171 1797
171 5616
172 4771
172 5144
174 1867
175 683
175 1235
175 2797
175 3208
175 3898
176 6167
177 1424
177 6073
178 1482
178 4235
178 4580
179 1686
179 1759
180 3267
180 3551
180 3554
180 3718
181 2316
181 2698
181 4126
181 4650
182 430
182 3109
182 3540
182 4539
183 5135
184 3779
185 393
185 2184
185 4136
186 1456
186 3915
186 4463
186 5870
187 821
187 4406
188 1809
188 4465
188 5668
188 7200
189 5186
189 5438
189 5628
189 6045
189 6641
189 7207
189 7242
190 1719
190 4959
190 6150
190 7028
191 3734
191 7915
192 2474
192 4800
193 249
194 2221
194 4164
194 4773
194 7438
195 3297
195 5136
196 4582
196 5889
197 4264
197 5852
197 7699
198 1819
199 706
199 3054
199 7073
200 4230
200 5715
201 6880
201 7847
202 2034
202 4483
203 606
203 2103
204 1074
204 2649
205 5133
206 1589
206 3581
206 5944
207 474
207 4128
207 4922
207 5279
208 1897
208 6990
209 1209
209 6770
210 3031
210 6104
210 6762
211 3481
211 5520
212 1730
212 5171
213 4223
213 5339
214 6695
214 7833
215 1536
215 5140
215 7475
216 3107
216 4005
216 5635
217 3683
218 245
218 4810
218 7831
219 1950
219 1979
219 5020
220 6964
221 4936
221 5046
221 7879
222 2489
222 4458
222 4557
222 5797
222 6884
223 422
223 4689
223 4736
223 5555
224 2316
224 2843
224 4652
224 4996
224 6654
225 3707
226 1658
226 2970
226 7882
227 1525
227 1734
227 3618
228 349
228 677
228 1349
228 2400
228 4090
228 4992
228 5841
228 6414
229 4364
229 4793
229 6226
230 6156
231 942
232 922
232 2374
232 2486
232 3937
233 2223
233 6900
234 499
234 2112
234 5660
235 1825
235 7952
236 3235
236 4329
236 6837
237 309
237 678
237 3011
237 4637
238 385
238 2985
238 4386
238 5752
239 3616
239 4855
239 5208
239 6541
239 7745
240 1804
240 2867
241 5001
242 4401
242 7660
242 7916
243 2066
243 3156
243 3431
244 782
244 4651
245 252
245 2397
245 5401
246 4115
246 5826
246 7021
246 7571
247 7381
248 6889
249 535
249 6875
250 6045
251 6180
252 5901
253 4165
253 7258
253 7640
254 927
254 1149
254 6356
255 1881
255 5231
256 4246
256 5379
256 6457
257 404
257 481
257 6120
258 4111
259 7480
259 7520
260 3821
260 5140
260 6537
261 996
262 803
263 5722
264 4329
265 3182
265 4355
265 4939
265 6759
266 3731
267 486
268 2785
268 6277
269 1340
269 1528
269 7906
270 682
270 3281
271 2159
271 2429
271 6947
272 7238
273 3622
273 5506
274 4505
274 4873
275 3511
275 7337
276 4279
277 3593
277 7020
278 1441
278 1643
278 4499
278 5895
278 6897
279 1936
279 3412
279 5976
280 6877
280 7457
281 3727
281 7185
282 575
282 3242
283 2994
283 4706
284 1193
284 3162
284 6254
284 6866
285 588
285 1574
285 4742
285 6680
286 752
287 480
287 6027
287 7387
288 907
288 1581
288 1620
288 2454
288 4454
288 7655
289 3171
289 6327
290 1841
290 3314
291 6288
292 4576
292 7207
293 5852
294 1594
295 3944
296 570
296 6790
297 1054
297 2187
297 4050
298 7733
298 7906
299 3386
300 3579
300 7830
300 7871
301 3589
301 7523
302 4522
302 5111
302 6516
303 4103
304 2916
304 3190
304 3793
304 4696
304 6978
305 1180
305 3475
305 4781
306 2475
306 3468
307 6506
308 1138
308 3635
308 7891
310 729
310 3444
311 1690
311 5950
311 7309
312 3795
312 5689
312 6559
312 7410
313 1493
313 2225
314 995
314 5404
314 7368
314 7746
315 1891
315 3310
315 6381
316 388
317 1241
317 2563
317 5103
317 6358
318 3999
319 1291
319 3884
319 5529
320 772
321 7661
322 1368
322 2539
323 578
323 5187
323 5519
324 438
324 3638
324 5148
324 5559
324 6984
325 4855
325 6081
326 507
326 3330
326 5174
326 5515
327 3791
328 4872
328 5234
328 7192
329 4352
329 6538
330 5330
331 2851
332 2702
332 7903
333 1058
333 2767
333 3835
333 6295
334 4175
334 4919
335 2524
336 6900
337 830
338 5629
339 2852
340 2218
340 2637
340 4394
341 470
341 6144
341 7944
342 929
343 751
344 7766
345 1085
345 2196
345 4778
345 5495
345 7300
346 1607
346 2290
346 5739
346 7255
347 414
347 2496
348 1309
348 1639
348 5636
348 5717
348 6444
349 2643
349 2851
349 6225
350 1390
350 7692
351 1715
351 2056
351 3848
351 6235
352 5132
352 5812
353 4374
353 5705
354 7340
355 5053
355 6323
356 1643
356 1966
356 2815
356 3194
356 7239
357 1518
357 5799
358 2913
358 5336
359 1852
359 5335
359 5475
359 6483
359 6800
360 2924
360 3777
360 5437
360 6716
360 6727
361 1853
361 3210
361 6576
361 6914
362 1861
362 3806
363 2654
363 5164
364 1638
365 3675
365 7364
366 1821
366 2315
367 1195
367 3124
368 1132
368 2678
368 3349
368 3385
369 3639
369 5746
370 961
370 2035
370 3759
370 4051
371 1046
371 1953
371 4801
372 1026
372 3774
373 3289
373 3522
373 3968
373 6084
374 1690
374 3603
374 7058
375 486
375 1021
375 1260
375 6598
376 4987
376 5446
377 3183
377 3360
377 3443
377 5185
378 1850
379 3874
379 6556
380 4068
380 4164
381 1299
381 2852
381 5516
382 1417
382 4415
383 4972
383 7215
384 1354
384 4822
384 5726
384 7907
385 3218
385 4562
385 5500
385 7930
386 1865
387 2317
387 6035
388 3031
388 5628
389 2269
389 3160
390 5619
391 1382
391 5661
392 4977
393 3121
393 7678
394 3562
394 6025
394 6681
395 2293
395 4980
396 7284
397 1399
398 6785
398 6982
399 1106
400 702
400 1978
400 3275
400 6564
401 1175
401 6419
402 2359
402 4883
402 5494
403 4709
403 7773
404 1659
404 2141
404 3388
404 3518
404 6657
405 432
405 1651
405 4803
405 7542
405 7819
406 1834
406 3827
406 6286
407 1650
407 3244
407 3403
408 1177
408 2746
408 3867
408 5363
409 5091
409 5506
410 7806
411 2258
412 2733
412 2787
412 4167
412 5568
412 6439
413 4582
414 621
414 6437
414 6741
414 7474
415 1735
416 3802
417 7106
418 529
418 5662
418 6782
419 1829
419 2106
419 2181
419 4929
420 1068
421 4490
421 7929
422 5623
423 681
423 7500
424 5430
425 1912
425 3484
425 3805
425 3919
425 5656
426 6308
427 1106
427 2159
427 7556
428 547
428 3621
428 4239
428 4758
429 1036
430 2121
430 6782
431 3503
432 6293
433 3273
434 1899
434 5600
434 6386
434 7151
434 7471
435 3910
435 7826
436 2050
436 5205
437 4428
438 4977
438 7593
439 1091
439 2206
439 5789
439 6012
439 6019
440 2195
440 4021
440 5213
441 4341
442 4625
442 4844
443 1802
444 1920
444 3343
444 3935
444 5127
444 7105
444 7717
445 2296
445 4547
445 5193
445 6968
445 7747
446 1017
446 5810
446 6066
447 1360
447 3628
448 3269
449 5526
450 4873
450 5200
450 6367
451 2961
451 6374
452 4787
453 1315
453 2999
454 2394
454 6552
455 4566
455 4749
456 998
456 5288
457 1208
457 4482
458 3210
458 6543
458 6886
459 2194
459 4532
459 7933
460 5039
460 5169
461 802
461 2386
461 5997
461 6763
462 4422
462 7692
463 958
463 1509
463 4406
463 6349
463 6615
464 6604
465 2866
466 1732
466 1799
466 2382
466 3809
466 6175
467 936
467 1244
467 4615
468 6626
469 7641
470 1815
470 7539
471 1011
471 3971
472 475
472 3175
472 5551
472 6688
472 7740
472 7751
473 6010
474 1271
474 2435
474 4505
475 2451
475 4132
475 6101
475 6857
477 3631
477 6218
477 6248
478 592
478 3118
478 3318
478 5980
479 1110
479 2335
480 5659
480 6269
481 6348
482 4437
482 4730
482 6644
483 7581
484 5585
484 6260
485 5418
485 5671
485 7892
486 1808
486 4996
487 508
487 557
487 3625
487 6001
488 3148
488 5240
488 6030
489 4556
490 4400
491 4436
491 5201
491 5418
492 1187
492 2046
492 4109
492 6107
492 6588
493 512
493 1466
494 1582
494 5864
494 7808
495 2690
495 4707
495 5887
496 1917
496 2185
496 2806
496 3072
496 4302
497 4303
497 7333
498 7907
499 1799
499 4734
499 5243
499 5280
499 6332
500 1166
500 5746
500 6858
501 2868
502 5483
502 7632
503 7014
504 4317
505 2426
506 614
506 4441
506 7295
507 519
507 1553
507 2650
507 5394
507 6000
508 3265
508 4747
509 2522
509 7354
510 5036
510 7940
511 3087
513 1529
513 5907
513 7950
514 892
514 1422
514 2242
515 2120
515 4961
515 7292
516 3291
516 4610
516 4634
517 1596
517 7029
517 7085
518 2927
520 7317
521 1213
522 1362
522 1865
522 1913
522 6055
522 7415
523 1134
524 584
524 2882
525 638
525 4747
525 5574
526 771
526 4873
527 2097
528 7674
529 1215
530 3473
530 6683
530 6969
531 5478
531 6283
532 1805
532 2172
532 2968
532 5822
533 3897
533 4023
534 7457
534 7676
535 2277
535 6076
536 1786
537 1734
537 2057
538 4515
538 6233
539 1416
539 3548
540 1539
540 2055
540 5396
541 2512
541 5020
542 2514
543 2913
544 2623
544 3478
544 4815
544 6598
544 7244
544 7448
545 1534
546 7904
547 3018
547 4267
548 2188
548 4998
549 691
550 2529
551 4539
552 2582
552 5125
553 1126
553 2803
554 1459
554 2712
554 7527
555 4674
555 6430
555 6666
556 4858
557 1455
558 1053
558 7675
559 2735
559 3061
559 5220
560 1307
560 4222
560 5321
560 5761
560 6226
561 5644
562 709
562 6559
563 1657
563 4133
563 5355
564 1755
564 3682
564 6780
565 3285
565 4780
566 3502
566 4477
566 5317
567 1297
567 1477
567 2869
568 4378
568 5713
569 2041
570 2382
570 7477
571 1937
571 4597
571 7721
572 767
572 3948
572 7649
573 1534
573 6048
574 3440
574 4274
576 1738
576 2635
576 3991
577 2039
577 6295
577 7584
578 2537
579 5010
580 3493
580 5625
580 7648
581 6844
582 4391
583 663
583 1885
583 2284
583 6334
584 2612
584 3303
584 3686
584 5245
586 6143
586 6920
586 7334
587 1595
587 6071
588 3010
590 6348
591 1300
591 7688
593 869
593 3109
593 3650
593 4360
593 7495
594 1371
594 6363
595 5429
596 758
596 2695
596 5283
596 7251
597 3475
597 7186
598 2517
599 5496
600 6156
601 2798
601 4017
602 2342
602 4085
603 4545
604 2287
604 3656
604 5261
605 2671
605 3875
606 940
606 2674
606 5856
606 6377
607 3617
607 6436
608 4364
608 5651
608 7027
609 883
609 1374
609 2195
609 2391
609 2805
610 5963
611 1615
611 4058
611 6760
612 6247
613 6824
614 5014
614 5038
615 2271
615 5787
616 2403
616 6489
616 7542
617 2288
617 4672
617 6434
618 1271
618 3122
619 885
619 1496
619 1705
619 4607
619 4640
619 4747
619 4754
619 7558
619 7740
620 3551
622 1006
622 4886
622 4996
622 6504
623 6716
624 2996
624 7944
625 2803
625 3135
625 5194
626 2316
626 5173
626 6085
627 1101
627 4954
627 6635
628 5491
629 6408
630 893
630 7441
631 1830
631 2318
631 2608
632 6845
633 1179
633 4690
634 3297
634 3404
634 5989
635 3112
636 1411
637 4259
637 7598
638 2696
638 3452
639 3045
639 3680
639 7061
640 4974
641 2736
641 3925
641 4587
642 6006
643 1455
643 3756
643 5184
644 2042
645 5583
646 5797
647 1786
647 3185
647 5041
647 6078
647 6837
648 1330
648 4872
649 5554
649 5596
649 7684
650 7543
651 1486
651 1506
651 2672
651 5589
652 1671
653 5470
653 6620
654 735
654 5923
654 6020
655 2783
655 3537
655 4115
655 5257
656 1177
656 1251
656 3298
656 7439
658 5193
659 1815
659 7589
660 2232
660 5883
660 6291
660 7887
661 1957
661 6555
662 1669
662 2875
662 3431
663 2664
663 4382
663 5762
664 7323
665 1160
665 2795
665 6089
666 2159
666 2182
666 4492
666 5855
666 6226
667 5781
667 6242
668 1954
668 2273
668 3292
668 5980
669 1938
669 4072
670 7212
671 5157
671 6851
672 5292
672 5344
673 1977
673 2145
673 5821
673 6114
674 1895
674 4615
675 1421
675 7235
676 4341
677 769
677 4364
677 7324
678 6124
678 7441
679 4051
679 7380
680 3826
680 4291
680 4671
680 7748
681 4094
682 1092
682 3570
682 3965
682 5819
683 1039
683 1618
683 3955
683 6122
683 6834
684 2914
684 4431
685 1007
685 1953
685 5022
685 5537
685 6265
685 7583
686 5883
686 6375
687 841
687 3362
687 6541
688 1680
688 4474
689 5346
690 1884
690 2075
690 5434
690 7793
691 3421
692 1132
692 2800
693 3218
694 1249
694 3832
695 2329
695 6496
695 7944
696 3510
696 6488
696 6867
697 2079
697 5845
698 5348
699 6734
700 7767
701 1603
702 1035
702 4839
702 5677
702 6207
703 3439
704 2408
704 6424
705 4456
706 2776
706 5726
706 7949
707 899
707 1705
707 4994
707 5872
708 749
708 4470
709 6657
709 6875
710 3239
710 4339
710 4883
710 5360
710 7788
711 5035
711 6132
712 1933
712 3345
713 780
713 2097
713 4607
713 5617
714 2466
714 3357
714 6763
715 7782
716 4661
717 2798
718 4774
718 6997
718 7576
719 1104
719 2010
719 2730
719 5383
719 5621
720 1349
720 2659
720 4199
720 5106
720 5995
721 2679
721 6093
722 5793
722 6184
722 6776
723 6509
724 1328
724 4167
725 2600
725 5933
726 2686
726 2894
726 2906
726 5815
726 6163
727 1314
727 3577
727 6436
728 831
728 3505
728 7323
729 2143
729 2448
729 4279
730 7952
731 3109
731 3192
732 2343
732 4305
732 4515
732 5298
732 5635
733 2705
733 3361
733 4612
733 7906
734 6389
734 7327
736 2780
736 3349
736 5523
737 5904
738 1891
738 5460
739 5694
739 6041
740 4075
740 4500
740 6599
741 887
741 1367
741 1483
741 1962
741 2191
741 4711
741 6920
742 3529
742 3862
742 7160
743 783
743 1141
743 4269
743 6952
744 1633
744 2731
745 1391
745 6052
745 6820
746 5096
747 899
747 6474
748 3120
748 3358
750 4052
751 4387
752 3129
753 7849
754 2360
754 3466
754 7424
755 3021
756 2534
756 5553
757 2682
758 1210
759 1008
759 1083
759 4795
759 7888
760 3733
761 3408
762 778
762 6044
762 7386
763 1718
764 823
764 1617
764 6519
764 7407
765 7395
766 6755
767 3792
767 4729
767 7863
768 829
768 7662
769 3044
769 3375
769 4359
769 4572
769 7873
770 4096
771 1537
771 2537
772 861
772 1161
773 2002
773 2657
773 4646
773 5702
774 6498
775 7287
776 4329
776 7143
777 1594
777 3227
778 2668
779 1974
779 6066
779 7864
780 5470
781 2948
781 4312
781 5247
782 3912
782 4314
782 5794
783 6442
784 4471
785 3581
785 5345
786 1119
786 4825
787 4079
788 857
788 4813
789 3998
790 2592
790 3168
790 5509
790 6188
790 7738
791 2481
792 5232
792 6240
793 2538
793 2804
793 6082
794 2274
794 7599
795 2109
796 5818
796 7045
797 2466
797 4426
797 7799
798 7006
798 7510
799 2202
799 5553
799 6337
799 7837
800 5111
801 3078
801 4130
801 6031
803 3259
803 4793
804 4344
804 6205
805 7829
806 5521
807 3983
807 6075
807 6726
808 4966
808 6421
808 7835
809 1039
809 1343
810 4013
810 4128
810 6188
811 1775
811 2231
811 5167
812 1198
812 5697
812 7269
813 1209
813 2366
813 4670
813 4927
813 5107
813 7112
814 7875
815 1799
815 3734
815 7248
816 973
816 2361
816 3401
816 4525
817 7058
818 3459
819 2721
819 4056
819 5658
819 6731
820 6268
820 6506
822 4969
823 4195
823 5373
823 6169
824 7056
825 3543
826 7769
827 901
828 1271
828 7924
829 6364
829 7401
830 852
830 1208
830 1551
830 6214
830 7136
831 855
831 1454
831 5216
832 4268
832 7836
834 1740
834 4122
834 5821
835 2251
835 4578
836 1969
836 2158
836 3317
836 3594
837 7282
838 2945
838 6183
839 1705
839 4510
839 5818
839 6707
839 6955
840 2831
840 3213
841 4052
841 4506
842 5822
843 3924
843 4232
843 6738
844 3482
845 3718
846 2142
846 2586
846 2643
846 6029
846 7280
847 1259
848 6282
849 1659
849 4350
849 5309
849 6558
849 6888
850 3100
851 3937
852 1274
852 1424
853 3014
853 4249
853 5276
853 7109
854 1399
854 1680
854 1685
854 3380
856 5779
857 1331
857 3363
857 3714
857 7508
858 1694
858 7050
859 1209
860 3256
860 6621
861 3656
862 4950
862 6377
863 3314
863 6912
863 7325
864 3293
865 5624
866 1013
866 2855
866 4125
866 5059
867 1873
867 6226
867 7756
868 3030
868 7950
870 4176
872 7820
873 1275
873 2769
873 5734
874 1933
875 2057
876 2889
877 5205
878 5116
878 5269
879 1947
879 5624
879 6898
879 7284
880 4850
880 7698
881 1521
881 4407
882 4423
882 4761
884 904
886 1137
886 6465
887 1454
887 5509
888 4046
888 4535
888 5081
888 5085
888 6539
888 7328
889 1497
889 3777
890 6057
890 7862
891 1007
892 3111
892 5552
894 3853
894 5649
895 4331
895 7889
896 4136
896 5439
897 6740
898 6894
900 7943
901 2023
901 2535
901 3825
902 6241
902 7522
903 2119
904 2273
904 2953
904 6585
905 4029
905 4156
905 6172
906 2782
906 3977
906 4901
906 5384
907 6650
908 2051
908 6482
909 7774
910 3122
911 4306
911 4357
911 6221
913 1761
913 2118
913 3296
913 5418
914 5701
914 7164
915 2613
915 6976
915 7723
916 2136
916 4934
916 6440
916 6695
917 5293
917 6809
917 7028
918 1064
918 4628
918 4909
919 1518
919 6575
920 2130
920 4324
921 6755
921 7149
922 2288
923 5821
923 5906
923 7618
924 4425
924 5400
924 6380
925 996
925 5029
926 3354
927 1952
927 2467
927 7397
928 1983
928 2297
929 4690
929 5620
929 5779
930 1594
930 1703
931 1293
931 2029
931 4454
932 1023
932 1162
932 2801
932 6152
932 7061
933 4307
933 7138
934 4014
934 5534
935 1627
935 3045
935 5910
935 6663
936 2803
936 3040
937 2067
937 5856
937 7482
938 2093
938 3224
938 3889
938 7471
939 2709
939 6040
940 2291
940 7069
940 7712
941 6306
941 7184
942 6809
943 6732
944 3293
945 2215
945 5137
946 1028
947 2912
947 4629
948 3760
948 6433
949 2576
949 6867
950 3644
950 7605
951 5837
952 7479
953 1342
954 2970
955 1312
955 2171
956 1474
957 7707
958 977
958 2831
959 3367
959 5372
959 7489
960 1355
960 1739
960 3034
961 2664
961 3256
961 6277
962 5765
962 6188
963 1573
963 1867
964 2970
964 4293
964 4856
965 3690
965 7702
966 4993
967 1847
967 6032
968 1338
968 3617
968 6719
969 2577
969 6701
970 1005
970 6269
970 6667
971 2269
971 2321
971 2471
971 2801
972 3007
972 5447
972 6154
972 7108
974 1009
974 2278
974 2950
974 3251
974 7173
975 2410
975 2981
975 6832
976 4300
976 7137
977 1314
977 3588
977 5255
977 5567
978 6847
979 1165
979 3959
980 2735
980 4364
981 1670
981 5341
981 5452
982 4658
983 2162
983 4961
984 6090
985 5680
986 7000
987 4870
987 5873
988 1013
989 1413
989 3701
989 5079
990 5712
991 4687
991 5525
991 6581
992 3258
992 4712
993 3156
993 7319
994 1453
995 2989
995 6205
995 6582
996 2510
996 5484
996 7704
997 1999
997 2661
997 4223
998 3305
998 5205
998 5426
999 2731
999 4654
999 6295
1000 1634
1000 3011
1001 4323
1001 7341
1002 7309
1003 3195
1004 5681
1004 6822
1005 1017
1008 5321
1010 2552
1010 4151
1010 6959
1011 2604
1011 4458
1011 5693
1012 2471
1012 4573
1012 6672
1012 7481
1013 1659
1013 2311
1013 4168
1013 4233
1014 4542
1014 6472
1014 7390
1015 1617
1015 3627
1016 2529
1016 3023
1016 5128
1016 5859
1018 5105
1018 6065
1019 6837
1020 1509
1020 4493
1021 3081
1023 7068
1023 7097
1023 7343
1024 2460
1024 5336
1025 1746
1025 2411
1025 7071
1027 1597
1027 4104
1028 5038
1029 4428
1029 7344
1029 7507
1029 7814
1030 2598
1030 7219
1031 6764
1032 2366
1032 3777
1032 6119
1032 7333
1033 4868
1034 2721
1036 5602
1037 1970
1038 1351
1039 1958
1039 2708
1040 2725
1040 6522
1041 3073
1041 4425
1041 7381
1042 2311
1042 3185
1042 6632
1043 4710
1043 7311
1044 5979
1044 6346
1045 5776
1045 7349
1047 3364
1048 1643
1049 1075
1049 4563
1049 5842
1050 4172
1050 5462
1051 1342
1051 1432
1051 7819
1052 1336
1052 5636
1052 5746
1053 2647
1053 3052
1053 4565
1053 5773
1053 6993
1054 4606
1054 6833
1055 1692
1055 4963
1055 6683
1056 1625
1056 1639
1057 1864
1058 1550
1058 6862
1059 1203
1059 3032
1060 3794
1061 1399
1061 6136
1062 2072
1062 4095
1062 5061
1062 6871
1063 5385
1063 5439
1063 5880
1063 6849
1064 3161
1064 3609
1065 5503
1066 2545
1066 4078
1067 4732
1067 5720
1068 6647
1069 2844
1069 7468
1069 7564
1070 1351
1071 1411
1071 4574
1071 6237
1071 7445
1072 3433
1072 6369
1072 7665
1073 5301
1073 6412
1073 6839
1073 7945
1074 1148
1074 3532
1074 4827
1075 4238
1075 7491
1076 4336
1076 6706
1077 3524
1077 7304
1078 4471
1079 1538
1079 3911
1079 7349
1080 2789
1080 5931
1081 4204
1081 5833
1081 6093
1082 1118
1082 4107
1082 5854
1083 4693
1084 1509
1084 7848
1085 2632
1085 6474
1086 3049
1087 2033
1087 2589
1088 5943
1088 6934
1089 2677
1089 2697
1089 3853
1089 5705
1089 6523
1090 1131
1090 2043
1090 2895
1090 6264
1092 3059
1092 3649
1093 2105
1093 4027
1093 5974
1093 6603
1094 5154
1095 5448
1095 7669
1096 1311
1096 2662
1097 5136
1097 5490
1097 5579
1098 2583
1098 6172
1099 2473
1100 2467
1100 3921
1100 6514
1100 7807
1101 4356
1102 4986
1103 1312
1103 3480
1103 4379
1104 5234
1105 3879
1106 4577
1106 5411
1107 5200
1107 5654
1107 7865
1108 4363
1108 4531
1109 2068
1109 3463
1109 5641
1109 7701
1110 2763
1110 7149
1111 1413
1111 2721
1111 3028
1112 5469
1112 7512
1113 2456
1114 7453
1115 4179
1115 5123
1115 7244
1116 3776
1117 1317
1117 1577
1117 2892
1117 7122
1117 7536
1118 2899
1118 3624
1118 6841
1119 2828
1120 6696
1121 6228
1122 4670
1123 3714
1123 3855
1123 4618
1124 2469
1124 5047
1125 1641
1125 2634
1125 3404
1125 5216
1126 1332
1126 4067
1126 5319
1126 5633
1127 3711
1127 4065
1128 4780
1129 2199
1129 3071
1129 5982
1129 6305
1129 7487
1130 2527
1130 6792
1131 4974
1133 1213
1133 5801
1134 4318
1135 2059
1135 2931
1136 2361
1137 1303
1137 5382
1137 5657
1138 2539
1138 6319
1138 6565
1138 7808
1139 7744
1140 5922
1140 7534
1140 7653
1141 1579
1142 5978
1143 4209
1144 1464
1145 1620
1145 2676
1145 2834
1146 3551
1146 5005
1146 7507
1147 3048
1147 7158
1147 7700
1148 2825
1148 3682
1148 3987
1148 4666
1149 2915
1149 4072
1149 4529
1150 3839
1150 4124
1151 1568
1151 6202
1152 2898
1152 5683
1152 6168
1153 7266
1154 4282
1154 5971
1155 2734
1155 6313
1156 1175
1157 1830
1157 4253
1157 6915
1158 5532
1159 1840
1159 6622
1160 6582
1161 1555
1161 3283
1162 2699
1162 4842
1162 5397
1162 7814
1163 2171
1163 3837
1164 4558
1164 7344
1165 1694
1167 3113
1168 1877
1168 5213
1168 7901
1169 3362
1169 7695
1170 2684
1170 5995
1171 1308
1171 4264
1172 3102
1173 3205
1173 6245
1174 1591
1174 1637
1174 3329
1175 2584
1175 5162
1175 5995
1176 4430
1176 5554
1177 1679
1177 2794
1177 3922
1178 1334
1178 4981
1178 6909
1179 4123
1179 4987
1180 1389
1180 3797
1181 2352
1182 3946
1182 7209
1183 5345
1184 2233
1184 7541
1185 6138
1185 7405
1185 7730
1185 7819
1186 3203
1186 4397
1187 4566
1188 1235
1188 2862
1188 3198
1189 5943
1190 3956
1190 4449
1190 4847
1191 1401
1191 6169
1192 3668
1192 4459
1192 5113
1192 7306
1192 7687
1193 3623
1193 3815
1193 6814
1193 7008
1194 6726
1195 2884
1195 6620
1196 3711
1196 7591
1197 1374
1198 3008
1199 4594
1200 1352
1200 3672
1201 5952
1201 6326
1201 7376
1201 7663
1202 1408
1203 2946
1203 3927
1204 3527
1204 5426
1205 5858
1205 6318
1206 2791
1206 4107
1206 6232
1207 5520
1207 6658
1207 7827
1208 4511
1208 5610
1208 5763
1208 6846
1208 7494
1209 2578
1209 7182
1210 2677
1211 3110
1211 5712
1211 7126
1212 2756
1212 4778
1213 1974
1213 4616
1213 6859
1214 1493
1214 3668
1215 1629
1215 4250
1215 7946
1216 3972
1217 4728
1218 1252
1218 5538
1218 7609
1218 7625
1219 4802
1219 5092
1219 6842
1220 2567
1220 5372
1220 5685
1221 1434
1221 1961
1221 2057
1221 5354
1221 5622
1222 3431
1222 6069
1222 6116
1222 6317
1223 4368
1223 5318
1223 6591
1224 4109
1224 7500
1225 2416
1225 3043
1226 2000
1226 2880
1227 5289
1227 6783
1228 2294
1228 7271
1229 1942
1229 4678
1230 1742
1230 7210
1231 2991
1231 3107
1231 5969
1233 3820
1233 6031
1234 2855
1235 5250
1236 5427
1236 6428
1237 3663
1238 2163
1238 7717
1239 4605
1239 7212
1239 7233
1240 3107
1242 6329
1242 7143
1243 1831
1244 4851
1245 5427
1246 2614
1246 3757
1247 4328
1247 5556
1248 5747
1248 6503
1249 6882
1249 7276
1250 1286
1251 1728
1251 3395
1251 6974
1252 2005
1252 5798
1253 2053
1253 2756
1253 6482
1253 6573
1254 3731
1254 6114
1255 2603
1255 3900
1256 6119
1257 4369
1257 4898
1257 6301
1258 2119
1259 3956
1260 3446
1260 5897
1260 7278
1261 2847
1261 4113
1262 6637
1263 3128
1263 7582
1264 1853
1264 5831
1265 2432
1265 3947
1265 7615
1266 5741
1266 5761
1266 6306
1267 1956
1267 4415
1267 4834
1267 6743
1268 5723
1268 6523
1269 1958
1269 7209
1269 7535
1270 2490
1271 1564
1272 6855
1272 7901
1273 3398
1273 5710
1273 7548
1273 7667
1274 4407
1274 5034
1274 7761
1276 3903
1276 5409
1276 5879
1276 5884
1277 5971
1278 2890
1278 5030
1279 6905
1280 4800
1280 6706
1281 3385
1281 6140
1282 2136
1282 6607
1283 4580
1283 7069
1284 3486
1284 4801
1285 6152
1286 6915
1286 7754
1287 4857
1287 7802
1288 4008
1288 6270
1288 6835
1289 1430
1289 1711
1289 3186
1289 3533
1290 2959
1291 3243
1291 5408
1291 5745
1292 2546
1293 1513
1293 3381
1293 3579
1294 1635
1295 2888
1295 4821
1295 5365
1295 6841
1296 5071
1296 5457
1296 6909
1297 2822
1297 3728
1297 3791
1297 5839
1297 6047
1297 7319
1298 2571
1298 3271
1299 3106
1300 4752
1300 5752
1300 6638
1300 7399
1301 1489
1301 2255
1302 1634
1303 5773
1303 5937
1304 5814
1305 2748
1305 3864
1305 7872
1306 4493
1306 4969
1306 6881
1306 6926
1309 4964
1310 3228
1310 4968
1311 3732
1311 6699
1311 7487
1313 5818
1314 2934
1315 1674
1315 5282
1316 3159
1318 1453
1318 5103
1318 6962
1319 4627
1320 1384
1320 5050
1321 5763
1321 6036
1321 6665
1322 3082
1322 5391
1323 2287
1324 2279
1324 2380
1324 2590
1324 5942
1325 5971
1326 3067
1326 4980
1326 6488
1327 2300
1327 3337
1327 4078
1328 1545
1329 4006
1329 5011
1329 6027
1329 7351
1330 2354
1331 1695
1331 4314
1331 5675
1333 4899
1333 5456
1335 5872
1336 4024
1337 4382
1339 4137
1339 7525
1340 5480
1341 7265
1341 7697
1342 6369
1343 1739
1343 3848
1343 6172
1344 1943
1344 2745
1344 5543
1344 6376
1345 3536
1345 6768
1345 7656
1346 3216
1346 3986
1346 4522
1346 6602
1346 6822
1347 3931
1347 4669
1347 6980
1348 3635
1349 6047
1350 2060
1350 3047
1350 6206
1351 4093
1351 6095
1351 6564
1352 6004
1353 2217
1353 6021
1353 6320
1355 4733
1355 7125
1355 7346
1356 3345
1356 4297
1357 7875
1358 2975
1358 5168
1358 5624
1359 4643
1359 7099
1360 1590
1360 2537
1360 6143
1361 2607
1361 5363
1362 4197
1362 4457
1363 4429
1363 4614
1364 4888
1364 6916
1365 6322
1365 6427
1366 4755
1369 5544
1370 2217
1370 5319
1370 7911
1371 2391
1371 4904
1371 7324
1372 4082
1372 6877
1373 1513
1374 6901
1375 2465
1375 5533
1375 5655
1376 2409
1376 4116
1376 4919
1377 4298
1378 5776
1378 6732
1379 5922
1380 7000
1381 2095
1381 7110
1382 3933
1383 2662
1383 3364
1384 3222
1384 5257
1384 6243
1384 7404
1385 5954
1386 5421
1387 6091
1388 2835
1388 3176
1388 3664
1389 6966
1390 2547
1391 3526
1392 5188
1392 5648
1392 6370
1393 3369
1393 6853
1393 7810
1394 1744
1394 3103
1394 7154
1395 2687
1395 2689
1396 4650
1397 3694
1398 4893
1398 7427
1400 2659
1400 3575
1401 2085
1401 5662
1402 5064
1402 6475
1402 7473
1403 1933
1403 2781
1403 5290
1403 6562
1403 7023
1403 7401
1404 4397
1405 6427
1405 7940
1406 6448
1407 3427
1407 3547
1407 6747
1408 4167
1408 7126
1409 2892
1409 5286
1410 7516
1411 2421
1411 7937
1412 3308
1412 4305
1413 5563
1414 5462
1415 5443
1415 6229
1416 3946
1417 6816
1418 1759
1418 2825
1418 5656
1419 2135
1419 4862
1419 5826
1419 6579
1420 5429
1420 7325
1421 5572
1421 7342
1423 1965
1423 5581
1424 7189
1425 1619
1425 5580
1425 5680
1426 1576
1426 5921
1426 6032
1426 7127
1426 7273
1427 2821
1427 6856
1427 7378
1428 3631
1428 7456
1429 2171
1429 6624
1431 6771
1431 7525
1432 2276
1433 2488
1434 4386
1434 5311
1435 5424
1436 6514
1437 3091
1437 3157
1438 2660
1438 3060
1439 2167
1440 2157
1440 5827
1441 3442
1442 5547
1443 4223
1443 5832
1443 6302
1444 7676
1445 1601
1445 2068
1445 4689
1446 5516
1447 3284
1448 1784
1448 2140
1448 3258
1449 1534
1449 1812
1449 4337
1449 4534
1449 6502
1450 4321
1450 4325
1450 6401
1450 7453
1451 6071
1452 4674
1453 2027
1453 2974
1453 4974
1455 6006
1455 6614
1455 7068
1456 1677
1456 1998
1456 3826
1457 1784
1457 2253
1457 5312
1458 1984
1458 6350
1459 2717
1459 4565
1459 6162
1459 6626
1460 2105
1460 4461
1460 7617
1460 7916
1461 6656
1462 4632
1462 4724
1463 3651
1463 4663
1463 6591
1464 7051
1465 3457
1465 3796
1465 4384
1465 6740
1466 2313
1466 4507
1466 7190
1467 5574
1467 7633
1468 5588
1469 2083
1469 5706
1469 7548
1470 2047
1471 3403
1471 3408
1471 6983
1472 4656
1473 2386
1473 4775
1473 5728
1474 4277
1475 2053
1475 2351
1476 2559
1476 6230
1476 6643
1477 2281
1477 4421
1477 7682
1478 2432
1478 3725
1478 6246
1479 1832
1479 4258
1480 4108
1481 5671
1481 7593
1482 3632
1482 7446
1483 4578
1483 4660
1483 4716
1483 5279
1483 6002
1483 7168
1484 7274
1484 7818
1485 4089
1485 4453
1486 4183
1487 6645
1488 4123
1488 6573
1489 3766
1490 1847
1490 3945
1490 5301
1490 6858
1491 6506
1492 7537
1493 2487
1493 7302
1494 2881
1494 6232
1495 1533
1495 2099
1495 2802
1495 5306
1495 7007
1495 7305
1496 2549
1496 2952
1497 1963
1497 6550
1498 6078
1499 1716
1499 6012
1499 6633
1499 6659
1500 3953
1500 5592
1501 4171
1502 3913
1502 4680
1502 5821
1503 3616
1504 2848
1504 7124
1505 4849
1505 7626
1506 7244
1507 4059
1507 5932
1508 7678
1509 5455
1510 1723
1510 4597
1511 7685
1512 5444
1512 7562
1513 4111
1513 6938
1514 3613
1514 4329
1514 7912
1515 1621
1515 5039
1515 5999
1516 1785
1516 3209
1516 4710
1516 5983
1516 7449
1517 1568
1517 4626
1517 5398
1518 2362
1519 3621
1519 5963
1520 2335
1520 3265
1520 4792
1521 6061
1522 5048
1523 5248
1524 2061
1524 5374
1525 2904
1526 4043
1526 4810
1527 5216
1527 5257
1527 6794
1530 2201
1530 3748
1530 5844
1531 2099
1531 3002
1532 2281
1533 4027
1533 5049
1534 2216
1534 3058
1535 2158
1535 3470
1535 3893
1535 5031
1535 6795
1536 6092
1538 3616
1539 2801
1539 4515
1539 7894
1540 2917
1541 2785
1541 7905
1542 1745
1542 2438
1542 6011
1543 2226
1543 2826
1543 3713
1543 5460
1544 7702
1545 2648
1545 5949
1545 6500
1546 3820
1547 6135
1548 3752
1549 7500
1550 4421
1550 4536
1552 5297
1553 6855
1554 4174
1555 5832
1556 4444
1556 6832
1557 3493
1557 6868
1558 4104
1558 4694
1558 5187
1559 2625
1559 5886
1559 5937
1560 2229
1560 6960
1560 7324
1561 3246
1562 5786
1562 6076
1562 6728
1563 3676
1563 4782
1565 6329
1565 6394
1565 7844
1566 4833
1566 5541
1566 5969
1566 7131
1567 2002
1567 5616
1568 4237
1568 4252
1569 2981
1570 4582
1570 5668
1570 6259
1571 6276
1571 6515
1572 1574
1572 1681
1572 3436
1572 4152
1572 5839
1574 3181
1575 2531
1575 3527
1575 6041
1576 4484
1576 5191
1577 7705
1578 1679
1578 6299
1580 1966
1580 2771
1583 4403
1584 2659
1584 7057
1585 3250
1585 7164
1585 7200
1586 4746
1587 4675
1587 5500
1587 5730
1588 4480
1588 7317
1589 2933
1589 5247
1589 5264
1590 6884
1591 3637
1592 3762
1593 1874
1593 2270
1593 7668
1595 1977
1596 5743
1597 4896
1598 3431
1599 7834
1600 2120
1600 4537
1601 1791
1601 7398
1602 4630
1602 5144
1602 5200
1602 7316
1602 7603
1602 7700
1603 2330
1603 3559
1603 7580
1604 1869
1604 2426
1604 4664
1605 3758
1606 2466
1606 4199
1606 6876
1606 7439
1607 6134
1608 3000
1609 6317
1610 3704
1610 4714
1611 2591
1611 5429
1612 2656
1613 7386
1613 7658
1614 3285
1614 5442
1615 4893
1615 7134
1616 1667
1617 1738
1617 5154
1617 5374
1617 6109
1618 5463
1618 6494
1619 7139
1620 4838
1621 4602
1621 5663
1622 2656
1622 2884
1622 5828
1622 6216
1623 4355
1623 7183
1624 5747
1625 2757
1625 3757
1625 7832
1626 3658
1626 7786
1627 4533
1628 2064
1628 4087
1629 2129
1630 3140
1630 4289
1630 5231
1631 5502
1632 2360
1632 3287
1632 5646
1633 4493
1634 3199
1635 1757
1635 3427
1635 4733
1636 4189
1636 6006
1636 6524
1636 7923
1637 7657
1638 3058
1639 7697
1640 2864
1640 7660
1641 4758
1642 2623
1642 7771
1643 5229
1644 7006
1645 2652
1645 3906
1646 1878
1646 7836
1647 1771
1648 6123
1649 5813
1651 4078
1652 2365
1652 2432
1652 3553
1653 2677
1653 3391
1653 5484
1654 2118
1654 4223
1655 4743
1656 6402
1656 6424
1657 5017
1658 2375
1659 5040
1660 7096
1661 3100
1661 6710
1662 3141
1662 3347
1662 3636
1662 3963
1662 4000
1662 5366
1663 3178
1663 3837
1664 2099
1664 4764
1665 3074
1665 5057
1665 5265
1666 2301
1666 5231
1667 4397
1667 5028
1668 2671
1669 6414
1670 1931
1670 3778
1670 7315
1671 6630
1672 1900
1672 2777
1672 7404
1673 5609
1675 5238
1676 4402
1677 5193
1678 7193
1680 2505
1680 2950
1680 3228
1680 7476
1681 2983
1681 6589
1681 7681
1682 3283
1683 1872
1683 7605
1684 3677
1684 5236
1685 7161
1686 6918
1686 7305
1687 7687
1688 3221
1688 4675
1689 2313
1691 2413
1691 3795
1691 6327
1691 6565
1693 7023
1694 4513
1694 6219
1695 5475
1696 2606
1697 3662
1698 1840
1698 4375
1698 4689
1699 2739
1699 7127
1700 4478
1701 6056
1702 2870
1702 3338
1702 4958
1702 6483
1703 2732
1703 3611
1704 6755
1705 3578
1705 4269
1705 4768
1705 7127
1706 2607
1707 2420
1707 2608
1707 2772
1707 6957
1708 4543
1709 4001
1710 4060
1710 7739
1711 3947
1712 3059
1713 1998
1713 3906
1714 5100
1715 2081
1715 2977
1715 3580
1715 3768
1716 3984
1717 3370
1717 4689
1718 6566
1718 7427
1720 4488
1721 5021
1721 5946
1721 7107
1721 7621
1722 3080
1722 7521
1724 4578
1725 2770
1725 5639
1725 6154
1725 7919
1726 5612
1726 7396
1727 5790
1728 2984
1729 4181
1730 1917
1730 3606
1730 7249
1731 2278
1732 6697
1732 6713
1733 2193
1733 3124
1733 3827
1734 6933
1735 6008
1735 7707
1736 5081
1736 6160
1736 7232
1736 7470
1737 4005
1738 3996
1738 5934
1738 7951
1740 2664
1740 3234
1740 3868
1740 7051
1741 2854
1742 6892
1743 6343
1744 2514
1745 2213
1745 4697
1745 5319
1745 7912
1746 4170
1746 4378
1746 6451
1747 6649
1747 7108
1748 7642
1749 6415
1749 7538
1750 1916
1750 4338
1751 2633
1751 4714
1752 4097
1752 6188
1753 6067
1754 2723
1754 6085
1755 4478
1756 2445
1756 7581
1758 4505
1759 4786
1760 3079
1760 3787
1761 2352
1761 2910
1761 4659
1761 4794
1761 6337
1762 7554
1763 4089
1763 4695
1764 1895
1764 2142
1764 2230
1764 3566
1765 3502
1765 7259
1766 3184
1767 5219
1767 6864
1768 7781
1769 6614
1770 2544
1770 6169
1771 6027
1772 2499
1772 2827
1772 3418
1772 4451
1772 5220
1772 6447
1773 5893
1773 7136
1773 7426
1774 3406
1774 6831
1776 1876
1776 2885
1776 3937
1776 4759
1776 5419
1777 3625
1778 2734
1778 3975
1778 4944
1778 5039
1778 5225
1779 2770
1779 4324
1779 7257
1780 5303
1781 3736
1781 4267
1781 7438
1782 4105
1782 6252
1783 2433
1783 2675
1783 4794
1785 3267
1785 3475
1787 5591
1788 3525
1788 3560
1788 4094
1788 5435
1789 5846
1790 2052
1790 5374
1791 3053
1791 5250
1792 5567
1793 6138
1793 7342
1794 2120
1794 3392
1794 3535
1795 5231
1795 5881
1796 4173
1796 4769
1796 5289
1797 2236
1798 5476
1798 5925
1799 2425
1799 3662
1799 6487
1800 5285
1801 7253
1802 7768
1803 5811
1803 6168
1803 7914
1804 6351
1805 2928
1805 5000
1806 6205
1807 1886
1807 6307
1808 7570
1810 3623
1810 4668
1810 7848
1811 5392
1812 1861
1812 2246
1813 5459
1813 6097
1813 6852
1814 2608
1814 6910
1815 1945
1815 6895
1816 6654
1817 3571
1817 3850
1817 6158
1817 7467
1818 3574
1818 7737
1819 5101
1820 5441
1820 7870
1821 5021
1822 2197
1822 5816
1823 2261
1823 6504
1824 3599
1824 6815
1824 6977
1825 7821
1826 6090
1827 5558
1827 5993
1827 6133
1828 3725
1828 3785
1828 4732
1828 5752
1828 7369
1829 7900
1830 3429
1831 5403
1831 5814
1832 7883
1833 1956
1833 3931
1834 2387
1835 4422
1836 4301
1837 6335
1838 2177
1838 2242
1838 3063
1839 3979
1839 6341
1841 2583
1842 4495
1843 2212
1843 2688
1843 5179
1843 6273
1844 6777
1845 2949
1845 4821
1845 5691
1846 4466
1847 5027
1848 2199
1849 2279
1849 3207
1849 3842
1849 7703
1850 4440
1851 6848
1852 3203
1852 7087
1853 4037
1853 4816
1854 2206
1854 2235
1854 3105
1854 4767
1855 2387
1855 3251
1856 4596
1856 7413
1856 7948
1857 4216
1857 7147
1858 1887
1858 1956
1858 4723
1859 5710
1859 7043
1860 2873
1860 4735
1861 2270
1861 3959
1861 7598
1862 4411
1863 3057
1863 5427
1864 2167
1866 5411
1867 4096
1868 2673
1868 2715
1868 3092
1869 6738
1870 2627
1870 3092
1870 3918
1871 7234
1872 6540
1873 6636
1874 2699
1874 4684
1874 5271
1875 5277
1875 5343
1875 6234
1876 1996
1876 4111
1876 7557
1877 6894
1878 5013
1879 4294
1879 4583
1879 7001
1879 7093
1879 7311
1880 2803
1880 7405
1882 7328
1882 7397
1882 7869
1883 6476
1883 6727
1884 2058
1884 4542
1884 5251
1885 2227
1886 2843
1886 5591
1886 7758
1887 4189
1887 5211
1887 6260
1888 2604
1888 3657
1889 5634
1890 3100
1890 7117
1891 7704
1892 5747
1892 6254
1892 7320
1893 3014
1893 4140
1893 6162
1894 6285
1896 6323
1897 7394
1898 7631
1899 4505
1900 2762
1900 3973
1901 4733
1902 4615
1902 6220
1902 7666
1903 1973
1904 7402
1905 2814
1905 5131
1906 4074
1906 5765
1906 6254
1907 3835
1907 4019
1908 3999
1908 4830
1908 5700
1909 3428
1909 4135
1909 7286
1910 4883
1910 6055
1910 6398
1911 4836
1911 4978
1911 6463
1913 2605
1913 4095
1913 5704
1914 5328
1915 2209
1915 5923
1916 2760
1917 3026
1917 7000
1918 3044
1919 2970
1920 3504
1921 4340
1921 5942
1921 6235
1922 2112
1922 5430
1923 2992
1924 7269
1925 6182
1925 7324
1926 1994
1926 2136
1926 4776
1926 6631
1927 6081
1927 6263
1929 2837
1929 6446
1930 5784
1931 5459
1931 6304
1931 6477
1932 7167
1934 4702
1934 5314
1935 2757
1935 3045
1936 2853
1936 4646
1938 3559
1938 5491
1938 5813
1939 3530
1939 6198
1940 3474
1940 4937
1941 2065
1941 5945
1944 2412
1944 2689
1944 2824
1946 2749
1947 2570
1947 3754
1947 5711
1947 7253
1948 6330
1948 6677
1949 6840
1950 2651
1950 3478
1950 5254
1951 4645
1951 5304
1952 4835
1952 5674
1953 4020
1953 4136
1953 7261
1953 7343
1953 7779
1954 2417
1954 3503
1955 7336
1956 5456
1956 7412
1959 3726
1959 3839
1960 3157
1961 2694
1961 3116
1961 4812
1962 7847
1963 3173
1963 7006
1964 4028
1964 6306
1964 7220
1965 4491
1966 2755
1966 4387
1966 7362
1967 2626
1967 2848
1968 2176
1968 2949
1968 3024
1968 4460
1968 4582
1969 6452
1970 6069
1971 2564
1971 3357
1972 2192
1973 4901
1975 4301
1976 7537
1976 7581
1977 2287
1977 6686
1978 4339
1979 2137
1979 4926
1980 4721
1981 2419
1981 2611
1981 3887
1982 6576
1984 2286
1985 4703
1985 7593
1986 2858
1986 4837
1987 5521
1988 2503
1989 3185
1989 7499
1990 3316
1990 4947
1990 5696
1990 6951
1991 2501
1991 6869
1992 2994
1992 5963
1992 6185
1993 4026
1993 4905
1994 3939
1994 5145
1995 2684
1995 6151
1995 6423
1996 6869
1997 2022
1997 2270
1997 6160
1997 7634
1998 2634
1998 5380
1999 5579
2000 3431
2000 3904
2001 3294
2001 5207
2001 7684
2002 4392
2002 7209
2003 4592
2003 6397
2004 6995
2006 7023
2007 2580
2008 5317
2009 7705
2011 4284
2011 7149
2012 2919
2013 3927
2013 4478
2013 5759
2014 4417
2014 7868
2015 5827
2015 7849
2016 6481
2016 7337
2017 3152
2017 3410
2018 3690
2018 4271
2018 6529
2019 3291
2020 6654
2021 3481
2023 3308
2023 3526
2023 6047
2024 3258
2024 4147
2025 4862
2025 5516
2025 6544
2026 7796
2027 3309
2027 4014
2027 6473
2028 4445
2029 2667
2030 2900
2031 5198
2031 6552
2031 7214
2032 4331
2032 6198
2033 7078
2033 7205
2034 3106
2034 3569
2034 6106
2036 3832
2036 6327
2037 4208
2037 4575
2037 6160
2038 3157
2038 3288
2038 7299
2040 4044
2040 5692
2041 7153
2042 3992
2043 4969
2044 3329
2045 7284
2046 3902
2046 7170
2047 6018
2048 3126
2048 5645
2049 2388
2050 4549
2052 2719
2052 6641
2052 7592
2053 3329
2053 3621
2054 2870
2054 3168
2054 7899
2055 2632
2056 5377
2057 5951
2057 7628
2061 2100
2061 6294
2062 6802
2062 7800
2063 7487
2065 6306
2065 6777
2066 3441
2066 5845
2066 7656
2067 3024
2067 5887
2069 4480
2069 6432
2070 5629
2071 3699
2073 3503
2073 3699
2074 2171
2075 7278
2075 7815
2076 7845
2077 5389
2077 5498
2078 4628
2080 3409
2080 6881
2081 6509
2082 5862
2083 5104
2084 2440
2084 3858
2084 4019
2084 6618
2084 7817
2085 3280
2085 3870
2085 7247
2086 4846
2087 6737
2088 3529
2089 5673
2089 6477
2090 2786
2090 5261
2091 2256
2091 6298
2092 6521
2092 7045
2093 3171
2094 3136
2094 3538
2094 3796
2096 5754
2097 3938
2097 4229
2097 6517
2098 4081
2099 2377
2101 2975
2101 4032
2102 4978
2103 5166
2104 3304
2105 3222
2105 6009
2107 3944
2108 6881
2109 3412
2109 5059
2109 5853
2109 6223
2110 7307
2111 5959
2111 6484
2112 4727
2113 3886
2113 7218
2114 4008
2115 2336
2115 2759
2116 2348
2116 4889
2116 5603
2116 6805
2117 3859
2117 6648
2118 2259
2118 6488
2119 3091
2119 4073
2120 4236
2120 4443
2121 5244
2122 4108
2122 4920
2122 6225
2123 6295
2124 4955
2124 7785
2125 5583
2126 7226
2127 3720
2127 3762
2127 4332
2127 4862
2128 7353
2129 3155
2129 4690
2129 5376
2129 5810
2129 6340
2130 5533
2131 3757
2131 5006
2131 7549
2132 2264
2132 4771
2132 4970
2132 6705
2133 3521
2133 4770
2133 7106
2134 3679
2134 4424
2135 2980
2136 3077
2136 5785
2137 5026
2137 5435
2137 6425
2137 7046
2137 7228
2137 7488
2138 3770
2138 4934
2138 5593
2141 6582
2141 7793
2142 3744
2142 4616
2142 7406
2143 5927
2143 5943
2144 2472
2144 2940
2144 3016
2144 5987
2145 4584
2145 7951
2146 3065
2146 3719
2146 7580
2147 3338
2148 4594
2148 6720
2149 4034
2149 5549
2149 7153
2150 3680
2150 3932
2150 4820
2151 3813
2151 4296
2151 7219
2152 3408
2153 3082
2153 5712
2154 5076
2154 7893
2155 4069
2155 4520
2155 6059
2156 4279
2157 5327
2157 6551
2157 6879
2158 2631
2159 6079
2160 5926
2160 7587
2161 2204
2161 2215
2161 5590
2163 3306
2163 6360
2164 2483
2164 6063
2164 6199
2165 3883
2166 7726
2167 6713
2168 3004
2168 5012
2168 6606
2168 7916
2169 4374
2169 5887
2170 2694
2172 2334
2172 7189
2173 2969
2174 5680
2175 3918
2175 5768
2176 7054
2176 7823
2177 2340
2177 4544
2178 4556
2179 2605
2179 4875
2180 3949
2180 5992
2181 2239
2181 2705
2181 5693
2181 7354
2182 3170
2182 7614
2182 7880
2183 7284
2186 7015
2189 3547
2190 3196
2191 5186
2192 7524
2193 5322
2194 5455
2195 3687
2197 2255
2198 2538
2198 3383
2199 5945
2199 7044
2200 4324
2201 4938
2201 6294
2202 2220
2203 2591
2203 2815
2204 3666
2204 6124
2204 7233
2205 2861
2205 3323
2205 3572
2206 3330
2206 3476
2206 4390
2206 5077
2207 2646
2207 2655
2207 2897
2208 7094
2210 2760
2210 5118
2211 4300
2212 6975
2213 3549
2214 3186
2214 6752
2214 7335
2215 3328
2215 7375
2215 7408
2216 2949
2217 3695
2217 7066
2218 4645
2218 5253
2219 7087
2221 3012
2222 7625
2223 3023
2223 4314
2223 6712
2224 2694
2224 3552
2224 5104
2226 4022
2226 5142
2227 2310
2227 2711
2227 6742
2228 3195
2228 3431
2230 3318
2230 4623
2231 5576
2232 7653
2233 4243
2234 3721
2234 4614
2234 5192
2234 5808
2234 7782
2235 7433
2236 3088
2236 7388
2237 3916
2237 4981
2237 7500
2237 7936
2238 2552
2238 6309
2239 7139
2239 7903
2240 3844
2241 7428
2243 4349
2243 7267
2244 3620
2244 6543
2245 5750
2245 6941
2246 6748
2247 3218
2248 4726
2248 7840
2249 5140
2250 3137
2250 3332
2250 7925
2251 7689
2251 7760
2252 2904
2252 4867
2252 4906
2252 5146
2253 3480
2254 4856
2256 3702
2256 5979
2256 6696
2256 7847
2257 2724
2257 3103
2257 3273
2257 4682
2258 5058
2258 5081
2259 7370
2260 4748
2262 3209
2262 3675
2262 3737
2262 6674
2263 3238
2263 3249
2264 6150
2264 7612
2265 3447
2265 5166
2266 3518
2267 6338
2268 3035
2268 6093
2270 5652
2270 6258
2270 7020
2270 7373
2271 2595
2271 5837
2272 4200
2272 4520
2272 5851
2274 6197
2275 4710
2275 6366
2275 6774
2275 7127
2277 5221
2277 5696
2277 7234
2278 3193
2279 2369
2279 2385
2280 2550
2280 4092
2282 6353
2282 7763
2283 2693
2284 7659
2285 4877
2285 4968
2286 6776
2287 4482
2289 6128
2290 5855
2292 3564
2292 7502
2293 7879
2295 2639
2295 5330
2295 6545
2296 3359
2296 5520
2297 3354
2297 5611
2297 7798
2298 6741
2299 4274
2299 6625
2300 3995
2300 5400
2302 5769
2303 6283
2304 4795
2305 2549
2306 3158
2307 5636
2308 2960
2309 4909
2309 7366
2309 7530
2310 7252
2311 4881
2311 6638
2311 7059
2312 5750
2312 7509
2313 5739
2314 2577
2314 2612
2314 6099
2315 3110
2315 5972
2315 6410
2316 3466
2316 4968
2316 5900
2316 6195
2317 2668
2317 3043
2317 5049
2317 7648
2317 7793
2318 2921
2318 4608
2319 7246
2319 7597
2320 7292
2321 3756
2322 4385
2323 2527
2325 5120
2325 5563
2326 4280
2327 3300
2328 6578
2329 2700
2329 7644
2331 4386
2331 6249
2331 7633
2332 4479
2333 4469
2333 4475
2333 4690
2334 3529
2334 6242
2334 6623
2335 5562
2336 2380
2337 2346
2337 2962
2337 3833
2337 4599
2338 7535
2339 2621
2339 3106
2339 3616
2340 7501
2341 2588
2343 3050
2344 5534
2344 5946
2345 6116
2345 6154
2347 6220
2349 4728
2349 5829
2350 4619
2350 5501
2351 4120
2352 4550
2353 3882
2353 4741
2353 6608
2355 6680
2356 3064
2357 4336
2357 5070
2357 7052
2358 4533
2359 4322
2360 4334
2361 6656
2361 6962
2361 7602
2363 2869
2363 3875
2367 5740
2368 3463
2368 4463
2369 4979
2370 7689
2371 3877
2371 4589
2371 7440
2372 2876
2372 4854
2372 6401
2373 4759
2373 7268
2375 3922
2376 4706
2377 2991
2377 7051
2378 4733
2379 4999
2380 2743
2380 5095
2381 7396
2382 2831
2382 7866
2383 3640
2384 3727
2384 5999
2384 7407
2384 7811
2385 4633
2385 7813
2386 6703
2387 2828
2388 6956
2389 5116
2390 2436
2390 5282
2390 7223
2391 2413
2392 2428
2392 6684
2393 4049
2393 4502
2393 4553
2393 4620
2394 2422
2394 7949
2395 5112
2395 5341
2396 4627
2396 4684
2397 3553
2398 2670
2398 3694
2398 4471
2399 3093
2399 3904
2399 5975
2401 3984
2401 6189
2402 3945
2402 6167
2402 6684
2403 5009
2403 5638
2403 5906
2403 6124
2404 4261
2404 7201
2404 7393
2405 6955
2406 3121
2406 4237
2406 4776
2406 6666
2406 6931
2407 4719
2407 4748
2407 7415
2407 7858
2408 2824
2408 3919
2409 7571
2411 7292
2411 7620
2412 6488
2414 3239
2414 6360
2415 3891
2416 5736
2418 2525
2418 3085
2418 5108
2418 6653
2419 2754
2420 4685
2420 4725
2421 4135
2421 6290
2422 3077
2422 5906
2423 6708
2424 3255
2424 4094
2424 6948
2425 3741
2425 6200
2426 7151
2427 3690
2427 5250
2427 7051
2428 2872
2428 3693
2428 4907
2430 5209
2430 5232
2431 4268
2431 6253
2434 2771
2435 3300
2436 3635
2436 3861
2437 6805
2438 3743
2438 7111
2439 3636
2440 7036
2441 2858
2441 5611
2442 3947
2442 4157
2443 5281
2443 6185
2444 2955
2444 6536
2445 2742
2445 3900
2446 4102
2446 4174
2446 5511
2447 6276
2448 4064
2448 4372
2448 5203
2448 6371
2449 5339
2449 7403
2450 5136
2450 7873
2451 3313
2452 4249
2453 2647
2453 7758
2454 5753
2455 5357
2456 4678
2456 7630
2457 6773
2457 7167
2458 4761
2458 5652
2458 6030
2459 6986
2460 3365
2461 6326
2461 7385
2462 5736
2463 3734
2464 3064
2464 5015
2465 5526
2465 6247
2465 6534
2466 4441
2466 4692
2468 3571
2468 3885
2468 4393
2468 7118
2469 4057
2469 4973
2469 5950
2469 6006
2470 3597
2470 5740
2471 3509
2471 7410
2472 3270
2472 5829
2473 2712
2473 6237
2473 7939
2474 3947
2474 7465
2475 2893
2475 5499
2475 5723
2476 3239
2476 4469
2476 5403
2477 3350
2477 4083
2477 5369
2477 6826
2478 4046
2478 7466
2479 2708
2479 5745
2480 5482
2480 5502
2481 3807
2482 4312
2482 7146
2482 7894
2483 3193
2483 3553
2484 3697
2484 6592
2485 2760
2485 5097
2485 5207
2486 2973
2486 6279
2488 5147
2489 4946
2490 6334
2492 5350
2492 5529
2493 7415
2494 3225
2494 5505
2495 5104
2496 7947
2497 6517
2498 3937
2498 6722
2498 7777
2500 5022
2500 5617
2502 6548
2503 6567
2504 3651
2504 6600
2505 5776
2505 7094
2506 4626
2506 6377
2507 5719
2507 5923
2507 6264
2508 5126
2509 3338
2511 5927
2513 4281
2513 4773
2513 5916
2514 3144
2514 5775
2514 7062
2515 5002
2516 4351
2516 4438
2516 5352
2516 7308
2517 7091
2518 7276
2519 2669
2519 4217
2519 4927
2519 5327
2520 7045
2520 7412
2521 5117
2521 6999
2522 6977
2523 3677
2523 4175
2523 6237
2524 4927
2525 2945
2525 5016
2526 3028
2526 7587
2528 5725
2528 6431
2530 4250
2531 3075
2532 5492
2532 6112
2533 3180
2533 4363
2533 5899
2534 6211
2535 2884
2535 2915
2535 7934
2536 5627
2537 3774
2538 2856
2538 3679
2539 6247
2540 4846
2541 3579
2541 5081
2542 2837
2542 5761
2542 5838
2542 5944
2542 6649
2543 5246
2543 6744
2544 5966
2545 2876
2545 7831
2546 3092
2546 5101
2546 5195
2546 5774
2547 5042
2548 3913
2548 5152
2548 5196
2548 6008
2548 7645
2549 6199
2549 7592
2551 2728
2552 3028
2552 3730
2553 5376
2554 4972
2555 6929
2556 3944
2557 4965
2558 4160
2558 5388
2559 7380
2560 3044
2561 4996
2561 5291
2562 5128
2563 4509
2563 7484
2566 6131
2567 4814
2567 5847
2567 6500
2567 6717
2568 5268
2569 3174
2569 4148
2570 4670
2571 6506
2571 6563
2572 5901
2573 3893
2573 4351
2574 2738
2574 5305
2574 6083
2575 3360
2575 7425
2576 4421
2576 6151
2576 6223
2577 4577
2579 4139
2580 2708
2580 6716
2580 6801
2581 6809
2582 4154
2583 3541
2583 6738
2584 4065
2584 6192
2585 4947
2587 7486
2588 6851
2589 7228
2590 7916
2591 3903
2591 7090
2591 7781
2592 5395
2592 5777
2592 6571
2593 6277
2594 2829
2595 6890
2595 7907
2596 5559
2597 2923
2597 5285
2598 2734
2598 6434
2599 6925
2600 3009
2600 6018
2600 7003
2601 5276
2602 3788
2604 7319
2604 7417
2605 7625
2606 6511
2609 3660
2609 4670
2610 3349
2610 5488
2611 3681
2611 7133
2612 5792
2613 7577
2614 4350
2615 2878
2615 3519
2615 4843
2615 7552
2616 3168
2616 3829
2616 4533
2617 3135
2617 7635
2618 4024
2618 6308
2619 3898
2619 6741
2620 3920
2620 4018
2620 5816
2620 7229
2621 4539
2622 3957
2622 7284
2623 5601
2624 3321
2624 4119
2624 5713
2624 6400
2625 4205
2626 3392
2627 6824
2628 2768
2628 5543
2629 5150
2630 2758
2632 4542
2632 6676
2633 3496
2633 4215
2633 7664
2634 4188
2635 3888
2635 4585
2636 7400
2637 4409
2637 4760
2637 7757
2638 4995
2639 3576
2640 2922
2640 5768
2641 4885
2641 5431
2642 4324
2643 4559
2644 4759
2644 5803
2645 3032
2645 3142
2645 4532
2646 7339
2647 3452
2648 3723
2648 5637
2648 6166
2649 3166
2649 4928
2649 5497
2650 6824
2651 2899
2651 4359
2652 3162
2652 6918
2653 2728
2653 6726
2653 7859
2654 3761
2654 6673
2654 6782
2655 5310
2655 7277
2657 2853
2657 5078
2657 7464
2658 2953
2659 2949
2659 4488
2659 5696
2661 5958
2662 6788
2663 6832
2663 7737
2663 7743
2664 5790
2664 7145
2665 4918
2666 2803
2666 3314
2669 2904
2669 5797
2670 3061
2670 5268
2671 7107
2672 3961
2672 4625
2672 6915
2673 3409
2673 7483
2674 7260
2675 2863
2675 4413
2675 7899
2676 4357
2677 7933
2678 5077
2679 4316
2680 3872
2680 6063
2681 4055
2681 4824
2682 6203
2683 5881
2684 4281
2684 4444
2684 5670
2685 5366
2685 7165
2686 2691
2687 3523
2687 4826
2687 5127
2688 6979
2689 2908
2689 7929
2690 2886
2690 6355
2690 7870
2691 5836
2692 6604
2693 4617
2695 7322
2696 4015
2696 4578
2697 6050
2698 7674
2699 3344
2699 5056
2699 5205
2699 5679
2700 6274
2700 6823
2701 3954
2701 4764
2701 5295
2702 2982
2702 5081
2703 4016
2704 4030
2705 3093
2705 5219
2705 5833
2706 6058
2706 6478
2706 6930
2707 3712
2707 3739
2707 5810
2707 6271
2708 7330
2710 5530
2712 6231
2713 3980
2714 4010
2714 6305
2715 5736
2715 6179
2715 6853
2715 6960
2716 5912
2716 7221
2717 7165
2718 7316
2719 3508
2719 7728
2720 2976
2720 7504
2722 4846
2724 5886
2726 2790
2726 7173
2727 7679
2729 5301
2729 6186
2730 5481
2731 6077
2732 2778
2735 3801
2737 5956
2737 6238
2738 3274
2738 4227
2738 6503
2738 7174
2740 2895
2741 4150
2741 5653
2742 5048
2742 7039
2742 7243
2743 6555
2743 7702
2744 3579
2744 4092
2744 4946
2747 5018
2747 5057
2748 3006
2748 6932
2749 4747
2750 4189
2750 7873
2751 2988
2751 6013
2751 7596
2752 3300
2752 7819
2753 4130
2753 7637
2753 7654
2754 3351
2754 5875
2755 6029
2756 3348
2757 3482
2757 4559
2757 6270
2757 6918
2757 7239
2758 4004
2761 4042
2761 5182
2761 6088
2763 4600
2763 5704
2763 6847
2764 3306
2764 5024
2765 6695
2766 4959
2766 5027
2769 5244
2770 7747
2771 5272
2771 7012
2772 2893
2772 4397
2772 7825
2773 3739
2774 4001
2774 4366
2775 3432
2776 3356
2776 5193
2776 6467
2777 4161
2779 3885
2782 4326
2783 7703
2783 7809
2784 4119
2784 7551
2785 3995
2785 6048
2785 6104
2788 3607
2789 6080
2790 3567
2790 4556
2790 7903
2791 7787
2792 5245
2793 4225
2793 4883
2793 6617
2793 7709
2793 7875
2794 3786
2794 4144
2795 6312
2795 7662
2796 5107
2797 6613
2797 7748
2798 7220
2799 2920
2799 6257
2799 6446
2799 6990
2801 7657
2802 4268
2802 7006
2804 7321
2805 3607
2805 5163
2805 5675
2805 7741
2806 6657
2807 3170
2807 6896
2808 5906
2808 6791
2808 6935
2809 3361
2809 5422
2810 4118
2810 4961
2810 5542
2810 7204
2810 7778
2811 5146
2812 5366
2812 7426
2812 7474
2813 5436
2814 7763
2815 7130
2816 2883
2816 7285
2818 3260
2818 3699
2819 3869
2819 4891
2819 6448
2820 6750
2820 7065
2821 2842
2821 5679
2822 4009
2822 4765
2822 5347
2822 7919
2823 6488
2824 6471
2825 3167
2825 4702
2826 3546
2826 3638
2827 2965
2827 5748
2828 5693
2828 6060
2829 6323
2830 3929
2830 4431
2830 5213
2830 5991
2831 3631
2831 5319
2832 5941
2833 5364
2834 6153
2834 7121
2834 7770
2835 5575
2836 6828
2838 4904
2838 6034
2838 6483
2839 3531
2840 4502
2840 7006
2841 6469
2842 4106
2842 5666
2843 7203
2844 4824
2845 4185
2845 4916
2845 6309
2846 3560
2846 3970
2846 5354
2846 6768
2847 6945
2849 4365
2850 6595
2851 5760
2852 4574
2853 2946
2853 5577
2854 3040
2854 6923
2856 3877
2856 7562
2857 4964
2857 6675
2858 4916
2858 7631
2859 3799
2860 3028
2861 5011
2862 3890
2863 3591
2863 5478
2863 6117
2863 6327
2863 6778
2863 6967
2864 7609
2865 3778
2865 5644
2866 3324
2866 3623
2866 4087
2866 5721
2867 4046
2867 5598
2867 6542
2867 6827
2868 2987
2871 3822
2871 4947
2872 5093
2873 3922
2873 5333
2874 5155
2875 4443
2876 2920
2876 5890
2877 6236
2877 7034
2877 7142
2878 5408
2879 3659
2879 4894
2880 5729
2883 4756
2884 6726
2884 6863
2885 3804
2885 3809
2887 5698
2887 7578
2888 3415
2888 7293
2889 3555
2889 3770
2889 5087
2889 6425
2891 4329
2891 6263
2893 3127
2893 7593
2894 4851
2896 3747
2896 3874
2896 6595
2896 6782
2897 5130
2897 7722
2898 3377
2899 5328
2900 3185
2900 4109
2900 4359
2900 6223
2901 6440
2902 4623
2902 4918
2902 7254
2903 3085
2903 4589
2905 3838
2905 5315
2906 6764
2907 4569
2907 4983
2907 5199
2907 7329
2908 3857
2909 4482
2910 3715
2910 6878
2911 2953
2911 3098
2911 3191
2911 5774
2912 3006
2913 5609
2913 5994
2914 2958
2914 6461
2915 3400
2915 5257
2917 3219
2918 2974
2918 5699
2919 4637
2922 5606
2922 6003
2924 4149
2925 3068
2925 3802
2925 6363
2925 6565
2926 6286
2927 3619
2927 3778
2929 5127
2930 7374
2931 3307
2931 6758
2932 4591
2932 5926
2933 4581
2935 3492
2936 6379
2937 5098
2937 7288
2938 3384
2938 3516
2939 3660
2939 3811
2939 3938
2939 6533
2940 3365
2940 4392
2941 6333
2942 4813
2943 3969
2944 3065
2944 7569
2945 5492
2945 7269
2947 5225
2947 5390
2951 3735
2952 3110
2953 7896
2954 5576
2954 7225
2955 3301
2955 3416
2955 4161
2955 6256
2955 7251
2956 4639
2956 7764
2956 7911
2956 7922
2957 6431
2958 3330
2959 3086
2959 4618
2960 7051
2961 4008
2961 5358
2961 7348
2962 7255
2963 7858
2964 3579
2964 5273
2965 5075
2965 5167
2966 5280
2966 5571
2967 7741
2969 3917
2970 3546
2970 6724
2971 4624
2971 5121
2972 5216
2972 5824
2973 3139
2973 5583
2973 6592
2974 5480
2975 4952
2976 4330
2978 4091
2979 4676
2979 7450
2981 2991
2981 3842
2981 7376
2982 3536
2982 3642
2982 5172
2982 7269
2983 6970
2984 4425
2985 3218
2985 5859
2985 6537
2986 4741
2986 6736
2987 6001
2988 3378
2989 3812
2989 5998
2990 5188
2992 4288
2992 4927
2993 3002
2993 3759
2993 4875
2993 5166
2993 7118
2994 5859
2994 7347
2995 7435
2996 7485
2996 7904
2997 3084
2997 5080
2997 5292
2997 6394
2997 6803
2997 7890
2998 4766
2998 6052
2999 3364
2999 6774
3000 4698
3001 3351
3001 5812
3001 6987
3002 5880
3003 7852
3005 5535
3006 4414
3007 5953
3007 7506
3008 3351
3008 4676
3008 7245
3009 4311
3010 5358
3012 3277
3012 3465
3012 4231
3012 5022
3012 6201
3012 6498
3013 7235
3014 6736
3014 7216
3014 7799
3015 4501
3017 3419
3017 3578
3017 7383
3017 7403
3018 6051
3018 7452
3019 4562
3020 3816
3021 5930
3021 6280
3021 7939
3022 5967
3022 7559
3023 3721
3023 4481
3023 7056
3023 7616
3024 6325
3024 7747
3025 6080
3026 3191
3026 6043
3026 6151
3026 7271
3027 6956
3027 7684
3029 7398
3031 3062
3031 3324
3031 3411
3031 7228
3031 7501
3032 3967
3032 5717
3033 7098
3034 5617
3035 3647
3036 3450
3036 3675
3037 3345
3037 7100
3038 4015
3038 4568
3038 4670
3039 4879
3040 3545
3041 3083
3041 7429
3041 7443
3042 3091
3042 5126
3043 4491
3044 4899
3044 7607
3045 4942
3045 5564
3046 3104
3046 5173
3046 6448
3046 6466
3048 3239
3048 3873
3048 7319
3049 4026
3051 3462
3052 4847
3054 5663
3055 6827
3055 7112
3056 5866
3056 7490
3056 7655
3057 7459
3059 4054
3059 7157
3059 7389
3060 7504
3062 4923
3062 6194
3062 7497
3063 3513
3064 5069
3066 5287
3066 7213
3067 4724
3067 7334
3068 3212
3068 3865
3069 5080
3070 3484
3070 6204
3072 3526
3072 6578
3073 3129
3073 7812
3074 6755
3075 3485
3075 5040
3075 7810
3076 7041
3078 5787
3078 5854
3078 6587
3079 7795
3080 4593
3080 5026
3083 5113
3085 6739
3085 7108
3086 6334
3087 5768
3088 5028
3088 7840
3089 4747
3089 5226
3089 6408
3090 7460
3090 7473
3092 7749
3093 3200
3093 4338
3093 4498
3093 7812
3094 3194
3095 6096
3095 7435
3096 5133
3097 4291
3098 3192
3099 3221
3100 4031
3100 5221
3101 5257
3101 5552
3103 3429
3103 5396
3103 6655
3103 6679
3103 7567
3104 3208
3104 3728
3104 7714
3104 7867
3105 6492
3106 3748
3107 5530
3108 4181
3108 6690
3111 6699
3112 4685
3113 6837
3114 5009
3114 5303
3115 5748
3116 3922
3116 5118
3117 3826
3117 3931
3119 5179
3120 5890
3121 5098
3122 6300
3122 7043
3123 4341
3123 5754
3123 6392
3125 4119
3125 4560
3125 7547
3127 5980
3128 5444
3128 5815
3128 7384
3129 5772
3129 6082
3130 5541
3131 7258
3132 3983
3132 6188
3133 5936
3134 3251
3134 6370
3136 3463
3136 4371
3137 5903
3137 6032
3138 7089
3139 3335
3139 6859
3140 4625
3141 5820
3143 6212
3143 7641
3144 3333
3145 4219
3145 7711
3146 4519
3146 6160
3147 3291
3147 3805
3147 6973
3148 5620
3149 6869
3150 3734
3151 5831
3152 4091
3153 3546
3154 4734
3154 7507
3155 5062
3156 7282
3157 6572
3158 3562
3158 3792
3158 7505
3159 6509
3160 7677
3161 6891
3161 7908
3163 3250
3163 3740
3163 6086
3164 5670
3165 4226
3165 4248
3165 5915
3165 6243
3167 5223
3167 7491
3168 6039
3169 5580
3169 6838
3170 4536
3170 4819
3171 5057
3172 4534
3172 5387
3172 6044
3172 7224
3173 4316
3174 4296
3174 5996
3174 7387
3175 3236
3175 7125
3177 3884
3179 7852
3181 3483
3181 4565
3183 5835
3183 6529
3184 3701
3184 7133
3187 4947
3187 5889
3188 4053
3188 4614
3188 5491
3188 7884
3189 4246
3189 4503
3189 4911
3189 4989
3189 7581
3190 5527
3191 6817
3192 4614
3193 3276
3196 4057
3197 3836
3197 4287
3197 7717
3198 4199
3199 3254
3199 4176
3199 5138
3201 3651
3201 5600
3202 4826
3202 4915
3204 4929
3205 3677
3205 5583
3205 7947
3206 4381
3208 5186
3208 6787
3209 5525
3209 6287
3209 7164
3209 7571
3211 4026
3213 4631
3213 7613
3214 3675
3215 4993
3217 4757
3217 7145
3219 7318
3220 6823
3220 6931
3221 4278
3221 4392
3221 5607
3222 5936
3223 4598
3223 6450
3223 6989
3225 7898
3226 7039
3228 3931
3228 3976
3228 5089
3229 3247
3229 6029
3229 7836
3230 7379
3231 4056
3231 6836
3232 7689
3233 4170
3233 5367
3237 5585
3239 7092
3240 4718
3241 5302
3242 4541
3243 4918
3243 6745
3243 6879
3244 4547
3245 3549
3246 6232
3247 5465
3248 5602
3249 3371
3249 5707
3249 5858
3252 4340
3252 4352
3252 7261
3253 6181
3253 7679
3254 3712
3254 4548
3254 4630
3255 4865
3255 6604
3256 4729
3256 6110
3257 4271
3257 7463
3258 3884
3258 5349
3260 6641
3261 3836
3262 3411
3262 5753
3263 6145
3263 6358
3263 7894
3264 3404
3264 5386
3265 3621
3265 4766
3265 6286
3266 3759
3266 5884
3267 5252
3267 7624
3268 4944
3269 3288
3269 3994
3270 4678
3271 4131
3271 5116
3272 3995
3273 6758
3274 3654
3274 4877
3274 4982
3274 6871
3275 3438
3275 5300
3275 6300
3275 6809
3276 4680
3278 3829
3278 7144
3279 3809
3280 4099
3281 3617
3282 6814
3284 7117
3286 3686
3286 4193
3286 4973
3287 3881
3287 6058
3287 6611
3288 3588
3290 3495
3290 7322
3291 4469
3292 4496
3293 4770
3293 7579
3294 5660
3294 5871
3295 4755
3297 5902
3297 7911
3299 4005
3299 5282
3299 6279
3299 7405
3301 5124
3301 5274
3301 6607
3302 3325
3302 4402
3304 5316
3307 5220
3308 7231
3309 5749
3310 3974
3311 3491
3312 3846
3313 7578
3315 6617
3316 3789
3316 6381
3316 6718
3319 4132
3319 6172
3319 6516
3320 3872
3321 5048
3322 3443
3322 4783
3323 7856
3324 6143
3324 7065
3324 7925
3325 4248
3326 6065
3326 6768
3327 3776
3327 4928
3327 4962
3328 7196
3329 6586
3330 5015
3330 6016
3330 6977
3331 3619
3332 3889
3333 5832
3333 6625
3334 6411
3334 7765
3335 5100
3335 6979
3336 3542
3336 5806
3337 6855
3338 5229
3339 4004
3339 4753
3340 4605
3341 5312
3341 5696
3341 7232
3342 4305
3343 5103
3343 5277
3343 5957
3345 4830
3345 6340
3345 7878
3346 3399
3347 3617
3348 5330
3349 5065
3349 6023
3349 6121
3349 7514
3350 7386
3351 7641
3351 7774
3352 4349
3352 7272
3353 6228
3354 4940
3354 4979
3354 5519
3355 3775
3355 6067
3356 5635
3358 5339
3358 6401
3360 6830
3363 4931
3364 5331
3364 7438
3366 4515
3368 3890
3369 7128
3370 4622
3370 7706
3371 7463
3372 3373
3373 4991
3373 5351
3373 6031
3373 7749
3374 7394
3376 6428
3376 7869
3377 6240
3378 3391
3379 6545
3380 4673
3380 6720
3382 6880
3384 6389
3384 7733
3386 6999
3386 7360
3387 5790
3387 7600
3389 6990
3390 6976
3391 5817
3393 5775
3394 7362
3395 5914
3396 5025
3396 5256
3396 6992
3397 6133
3399 5659
3399 6983
3400 4474
3401 6316
3402 3971
3403 4137
3403 6898
3403 7543
3404 3996
3405 6611
3405 7731
3406 4062
3406 6409
3406 6486
3407 5600
3407 7688
3409 3499
3409 6455
3409 6889
3409 7699
3413 3524
3413 4198
3413 4508
3414 5032
3416 7455
3417 4874
3417 5020
3417 6549
3418 7555
3419 6073
3420 3611
3420 4037
3420 4469
3421 5816
3422 4217
3422 6431
3423 4647
3423 6422
3424 4858
3425 4110
3426 4932
3426 5989
3427 7882
3428 5661
3428 5733
3428 5877
3428 7865
3430 7175
3430 7374
3432 6066
3433 4140
3433 4908
3433 5393
3433 6284
3434 5960
3436 5352
3436 6056
3437 5986
3438 3886
3439 6548
3440 3699
3440 7461
3441 5932
3442 5695
3442 6035
3445 4673
3447 3769
3447 3950
3447 6928
3448 6482
3449 6677
3450 6528
3450 6671
3450 7179
3451 5736
3451 5784
3451 7284
3453 3653
3453 4669
3453 4918
3454 6113
3454 6448
3455 6093
3456 5012
3456 7068
3458 3933
3458 4268
3459 6491
3459 6653
3460 4789
3460 5414
3461 4302
3461 7596
3462 5681
3463 4123
3463 4329
3463 4802
3464 6040
3464 7208
3465 5247
3465 5666
3467 4519
3467 6407
3468 5796
3469 3804
3471 5204
3471 7732
3471 7733
3472 3941
3472 5654
3472 7416
3473 5425
3473 5766
3474 7368
3475 4760
3476 5968
3477 4324
3478 4930
3479 3713
3479 6163
3480 4120
3480 4541
3480 7623
3481 4894
3481 5068
3481 5155
3482 7365
3483 3899
3484 7068
3485 7824
3486 4260
3486 4741
3486 6399
3487 4274
3487 6064
3487 6072
3487 6648
3488 3611
3488 4378
3488 4459
3488 6929
3489 6361
3490 7117
3492 4270
3493 5354
3494 5658
3495 5904
3495 6087
3497 4439
3497 6337
3498 6971
3498 7213
3499 6557
3499 7693
3500 3535
3501 6536
3501 7067
3502 5242
3502 6880
3503 4507
3503 7262
3504 4491
3504 7442
3505 4631
3505 4693
3505 5068
3505 7718
3506 6765
3507 3993
3508 5365
3509 3878
3509 4090
3509 7889
3510 3772
3512 7951
3514 3610
3514 5342
3516 3993
3516 4617
3517 5995
3517 6596
3519 4146
3520 4352
3520 6091
3521 5935
3522 4495
3523 4603
3523 7199
3525 7883
3527 5839
3528 5102
3528 6184
3528 6599
3531 6585
3534 7132
3537 5989
3537 6602
3537 6642
3539 4841
3539 6558
3540 7841
3541 6199
3541 6373
3542 4953
3543 3932
3543 5227
3543 5415
3544 6586
3547 4332
3547 5592
3548 3910
3548 5957
3548 7506
3548 7783
3549 4130
3549 4543
3549 4713
3550 6005
3550 7648
3550 7938
3551 4322
3552 5703
3552 7086
3552 7664
3554 6740
3555 5046
3555 6831
3556 5831
3556 5924
3557 6976
3558 5012
3558 6759
3558 7256
3558 7850
3558 7851
3559 4516
3560 5037
3561 3588
3561 4143
3561 5851
3561 6175
3561 7040
3562 5918
3563 6161
3564 4206
3564 6950
3565 5995
3566 7610
3566 7825
3567 5151
3567 7119
3568 3837
3568 7229
3569 6749
3570 6089
3571 3737
3571 5122
3571 7260
3571 7294
3572 6242
3572 7486
3573 5048
3574 3894
3574 6975
3576 5714
3576 6307
3577 7734
3579 5755
3579 6398
3580 6840
3581 5805
3582 6289
3582 7713
3583 4464
3583 5867
3583 6771
3584 5141
3584 5782
3584 7033
3584 7099
3584 7838
3586 7611
3587 3697
3587 6984
3588 3807
3588 3818
3588 4341
3588 7315
3589 4276
3590 4891
3591 4494
3591 6024
3592 6597
3593 7865
3594 4010
3594 4269
3595 3712
3596 6849
3597 6670
3597 7228
3598 6819
3600 7458
3601 5678
3601 6747
3602 4613
3602 7236
3604 4702
3604 6520
3605 4644
3605 6214
3605 7107
3605 7337
3605 7444
3606 7049
3607 6088
3607 6660
3607 6850
3608 6497
3610 5970
3611 3754
3611 3822
3611 6879
3612 7652
3613 4656
3613 7744
3615 7855
3616 6192
3616 6949
3617 5423
3618 7744
3619 6163
3620 4205
3621 3992
3621 6161
3622 5822
3622 6215
3622 6926
3624 6342
3625 7245
3626 3954
3626 5823
3626 6382
3628 3771
3629 4738
3629 5274
3630 4660
3630 6981
3632 5953
3633 4448
3634 7333
3635 7038
3636 6737
3640 6337
3641 5665
3643 3682
3644 4047
3644 7703
3645 4338
3646 4623
3646 5468
3646 6386
3647 7838
3648 7512
3649 6570
3651 3732
3651 5524
3652 4664
3652 7850
3655 4643
3656 7568
3657 7076
3658 4152
3658 5966
3659 4196
3659 4957
3659 5788
3661 7398
3661 7490
3662 5462
3663 4401
3665 5608
3665 7167
3666 4390
3666 6412
3667 6957
3668 4206
3668 6218
3669 6589
3669 6932
3670 3928
3670 6985
3671 5790
3672 6075
3673 5721
3674 4926
3675 5454
3675 7215
3676 5426
3676 7561
3677 4093
3677 6161
3678 4736
3679 5289
3679 7808
3680 4561
3680 7258
3681 5348
3681 5516
3682 6249
3683 3963
3683 4684
3683 4968
3684 4331
3685 4092
3687 7299
3688 4780
3689 4171
3689 7312
3690 4184
3690 4417
3690 5799
3691 4219
3691 5127
3692 5536
3692 6609
3693 6018
3694 5374
3694 6678
3695 7794
3695 7818
3696 7283
3698 4497
3698 5256
3700 4292
3700 6007
3702 4781
3702 7586
3703 4203
3703 4503
3704 4743
3704 5517
3704 7079
3704 7528
3705 5738
3706 6292
3707 7669
3708 4283
3708 7377
3708 7630
3709 4358
3710 5520
3710 7298
3711 7102
3714 7548
3715 4243
3716 7295
3717 5903
3718 6385
3719 7563
3720 7841
3722 4221
3723 4854
3723 5629
3724 4340
3725 3798
3726 4936
3726 6111
3726 6642
3726 6971
3727 6516
3728 4690
3728 5444
3728 6656
3729 3848
3729 6262
3730 7114
3732 5682
3732 6569
3732 7766
3733 3827
3736 4037
3736 7009
3738 5512
3738 7689
3740 5409
3740 7561
3742 5021
3742 6590
3742 7024
3743 4489
3745 4140
3745 5692
3746 3760
3746 4796
3746 6774
3747 6816
3747 7356
3748 5139
3748 5512
3748 5729
3749 5308
3749 6752
3750 4000
3751 6028
3752 7425
3753 5311
3754 6730
3755 4727
3756 4268
3756 5189
3756 6231
3758 4058
3759 4809
3760 5825
3761 5793
3761 7453
3761 7943
3762 5687
3763 3928
3763 7236
3764 6160
3765 5885
3765 5985
3766 4467
3767 5314
3768 6825
3768 7048
3769 7483
3770 4715
3770 6229
3771 6303
3771 7556
3772 5269
3772 6010
3773 7886
3774 6034
3774 6412
3774 7593
3775 7848
3777 4232
3777 5833
3777 7641
3778 6989
3778 7792
3779 4256
3780 7807
3781 5313
3782 3960
3782 4063
3783 4885
3783 7671
3784 6089
3786 4038
3786 4423
3786 6911
3788 5691
3788 5701
3788 7291
3789 5690
3789 6775
3789 7123
3790 5129
3790 6420
3793 5395
3794 6308
3799 6712
3800 5522
3801 4431
3801 7739
3803 4838
3803 6046
3804 4699
3806 5528
3807 4342
3808 6355
3810 7709
3811 6767
3812 7075
3813 6767
3813 6888
3814 7645
3816 5584
3817 7431
3819 4240
3820 3841
3822 4023
3822 4601
3823 4226
3823 7423
3825 6639
3826 4636
3826 7084
3827 4934
3827 6118
3828 6062
3828 6704
3828 7164
3829 3995
3830 4351
3830 4609
3830 5541
3830 5941
3831 5095
3831 5724
3832 4766
3832 4918
3832 6450
3833 7950
3834 6530
3834 7766
3837 5410
3837 7339
3837 7647
3838 6714
3838 6808
3839 5325
3840 4361
3840 5230
3841 7906
3843 6096
3843 6351
3844 4895
3844 5435
3845 4153
3846 6066
3846 6711
3847 4387
3847 7172
3849 4148
3851 4886
3851 6203
3851 6447
3852 5807
3852 6100
3853 5365
3853 5804
3853 6607
3853 7679
3854 5002
3854 5141
3854 5784
3854 6493
3854 7643
3855 6642
3856 4610
3858 5252
3858 5578
3858 5634
3859 5164
3860 4051
3860 7791
3861 4049
3862 4273
3862 5401
3862 6201
3862 6697
3862 7367
3863 4102
3866 7544
3867 4652
3868 6906
3869 7843
3870 4833
3871 5205
3872 6797
3873 4058
3873 4884
3874 4408
3874 5519
3875 5637
3876 6192
3876 7240
3877 6660
3878 4442
3878 6909
3879 5364
3880 6121
3881 6734
3883 6640
3884 7004
3886 4356
3887 4012
3887 7737
3888 7726
3889 6683
3890 5600
3891 6357
3891 6970
3892 4444
3892 4586
3892 5540
3893 6747
3894 5217
3894 6070
3895 4152
3895 4852
3895 7519
3896 4788
3896 5836
3897 6518
3897 7390
3897 7763
3898 6476
3898 6593
3898 7927
3900 4724
3900 5438
3901 4502
3901 5297
3901 6908
3901 7665
3903 4700
3905 3956
3905 4434
3905 5013
3905 5205
3905 6420
3906 5863
3907 6145
3907 6513
3907 7278
3908 6878
3909 4012
3911 5155
3911 5171
3912 4200
3914 4917
3915 7454
3917 3931
3917 4230
3917 5533
3917 7030
3919 7406
3919 7473
3919 7579
3920 4061
3920 7217
3921 7704
3923 7442
3924 4560
3924 5740
3926 7185
3927 4180
3927 4292
3930 4962
3930 5199
3930 6338
3930 6747
3930 7061
3930 7149
3931 4570
3933 4987
3933 6598
3934 4269
3935 5328
3935 5425
3935 7335
3936 6958
3936 7354
3940 6196
3940 7545
3942 5577
3946 4890
3949 6424
3950 7639
3950 7810
3951 4040
3951 6551
3951 7650
3952 4181
3952 4314
3952 5263
3953 4718
3953 5650
3953 5867
3954 6315
3955 5978
3955 6546
3957 6213
3957 7440
3962 6871
3963 6126
3964 4530
3964 7441
3965 4806
3965 7213
3965 7608
3966 6394
3967 6950
3968 4861
3968 7142
3969 4486
3969 5626
3969 6798
3970 4697
3971 7023
3972 4791
3973 7756
3974 4098
3975 6747
3977 7575
3978 7069
3979 4634
3979 5019
3980 7931
3981 5875
3982 5621
3983 4299
3983 6190
3984 6645
3985 5424
3986 4137
3986 4202
3986 7513
3989 6954
3989 7425
3990 5558
3994 5000
3994 6314
3997 4108
3998 6806
3999 5577
4000 6664
4001 4330
4002 5157
4002 6678
4003 5981
4004 5292
4006 6296
4006 6734
4007 4252
4008 6754
4009 5679
4009 6233
4010 6033
4010 7657
4011 7795
4012 4341
4014 6875
4015 6833
4016 4826
4016 7883
4017 5314
4017 5669
4019 4546
4020 7338
4021 6561
4023 4997
4023 5099
4023 6553
4025 4968
4025 5515
4025 6195
4026 7396
4027 7084
4027 7386
4028 6073
4028 6903
4029 7105
4029 7663
4030 7946
4032 4317
4033 6628
4035 6499
4036 7636
4036 7816
4037 5158
4038 5777
4039 5118
4041 4082
4041 6782
4045 7653
4047 7557
4048 5494
4049 4739
4049 6027
4049 7652
4051 6039
4051 7051
4054 4932
4054 6749
4055 6352
4058 4388
4059 5608
4060 6377
4062 4975
4062 7105
4062 7311
4063 6016
4065 4242
4066 4689
4067 5223
4067 5773
4068 6342
4068 7724
4070 4904
4071 6847
4073 4316
4074 5229
4074 7881
4075 4685
4075 4691
4075 5785
4076 4875
4077 4876
4078 5034
4078 6928
4079 6403
4080 5729
4080 5869
4081 5859
4082 4873
4082 4898
4082 7413
4083 7346
4084 7149
4085 5961
4085 7054
4086 4128
4087 7536
4088 5251
4088 6271
4088 6826
4089 6962
4090 6575
4091 7128
4091 7801
4092 6178
4093 4444
4093 5402
4095 4241
4096 5953
4096 7381
4096 7544
4098 5938
4099 4814
4100 6871
4101 4347
4101 4763
4101 7918
4102 4184
4102 5535
4103 6472
4104 6556
4104 7110
4105 5203
4105 5886
4106 4946
4106 7393
4107 7837
4108 4376
4108 6737
4108 7019
4109 6550
4110 4377
4112 7802
4114 6701
4114 6804
4114 7478
4115 5767
4115 7642
4116 4131
4116 5270
4116 6130
4117 4635
4117 5463
4119 6707
4119 7422
4120 6674
4121 5275
4121 7115
4122 5939
4123 6995
4124 4819
4124 4941
4124 6508
4124 7442
4125 4268
4125 7948
4126 4610
4127 5824
4127 5923
4128 5435
4128 5905
4129 7643
4130 4154
4130 6747
4131 5364
4131 5671
4131 7847
4132 5211
4134 4418
4134 6971
4134 7519
4135 5503
4136 4770
4136 4776
4138 5685
4138 6646
4138 7286
4139 6006
4141 6608
4141 6794
4142 4522
4143 6072
4143 6254
4143 7575
4143 7716
4144 4327
4145 5946
4146 5640
4147 5731
4149 7769
4150 5501
4151 6376
4152 4772
4152 6769
4153 7482
4154 4731
4154 5878
4154 7127
4155 6361
4156 4431
4156 6536
4157 5555
4157 7023
4158 6737
4159 6965
4160 6818
4160 7693
4161 5426
4161 5712
4162 4714
4163 6114
4163 7259
4165 7345
4166 4843
4167 6919
4169 5629
4172 5169
4173 5170
4174 6258
4175 5578
4175 6093
4176 4249
4176 4318
4176 4774
4176 5337
4177 7197
4178 4861
4179 6603
4179 7576
4182 6890
4182 7085
4183 5783
4183 6033
4185 4684
4185 5110
4186 6382
4187 5096
4188 7382
4189 6886
4191 4906
4191 5509
4191 6085
4191 6126
4192 7091
4193 4699
4193 5911
4194 6422
4197 4870
4197 5100
4197 5809
4200 5534
4200 5950
4200 7680
4201 5241
4201 6384
4201 6400
4202 6701
4205 5184
4205 6055
4206 4896
4206 5923
4207 6424
4208 4220
4208 5808
4209 7951
4210 4246
4212 4924
4212 7313
4212 7565
4212 7811
4213 4377
4213 4489
4214 5540
4216 6716
4216 7771
4217 5805
4218 7780
4220 5381
4220 6241
4221 6098
4224 5605
4224 5849
4224 7116
4224 7610
4225 4271
4225 7832
4226 7259
4228 4570
4229 5928
4229 6787
4229 7480
4234 6334
4235 5451
4235 6859
4238 6105
4238 6637
4238 7276
4239 6384
4239 7809
4240 7686
4242 5990
4243 5341
4244 6042
4245 6897
4246 6055
4246 7950
4247 4396
4247 7920
4251 4656
4251 4827
4252 7027
4252 7077
4252 7448
4253 6016
4253 6280
4254 5415
4255 5581
4255 6649
4256 6081
4256 7908
4257 5046
4257 5062
4257 7343
4258 5290
4258 7308
4260 4430
4260 6660
4260 7151
4260 7374
4261 5655
4262 5017
4263 6662
4264 6994
4265 6089
4266 7472
4268 4541
4269 4715
4270 7553
4271 4704
4272 6379
4273 4382
4273 5066
4273 7125
4275 5586
4277 5265
4279 5748
4279 7932
4280 5355
4280 7239
4281 5669
4281 5748
4282 4989
4282 5959
4283 4848
4284 7779
4285 7416
4286 4619
4286 6733
4286 6794
4288 7234
4289 4760
4290 4795
4290 6239
4293 7276
4293 7512
4294 5129
4295 4763
4295 6472
4296 6426
4297 7561
4298 7752
4300 7458
4301 4705
4303 5183
4303 5813
4303 6112
4304 7503
4305 7811
4306 5742
4306 6796
4307 7800
4308 4865
4308 5732
4309 5049
4310 6331
4310 7833
4310 7909
4312 5453
4313 5923
4314 5406
4315 4553
4315 7803
4316 7298
4317 7926
4319 6021
4320 7284
4322 4868
4322 7094
4326 7025
4327 4770
4327 6942
4328 4835
4328 6388
4329 5209
4333 6407
4333 6490
4334 5423
4335 5425
4335 6867
4336 5873
4336 6068
4336 7801
4339 6518
4341 6200
4342 6053
4342 6234
4342 7126
4343 7823
4346 7054
4348 6705
4348 7206
4350 6756
4350 7176
4351 4762
4352 5783
4352 7270
4353 5832
4353 7392
4354 5000
4354 5764
4354 6169
4354 6399
4356 4550
4356 5084
4357 6226
4358 4683
4358 5704
4358 6835
4359 5198
4361 5846
4361 6296
4362 4944
4363 7785
4365 7826
4367 6032
4368 7748
4370 7247
4373 4689
4373 6669
4376 6393
4376 7770
4377 5103
4378 7363
4380 5019
4380 7767
4381 5076
4382 6087
4383 4744
4384 6709
4385 5612
4386 5618
4386 6542
4387 5820
4387 6909
4388 6116
4388 7796
4389 6327
4391 4904
4392 4908
4392 6694
4392 7222
4393 4679
4394 5976
4395 5468
4395 6685
4396 5405
4398 6197
4399 4484
4400 6734
4402 6159
4403 7646
4404 5231
4404 5977
4404 6030
4405 6466
4405 6893
4405 7849
4407 4845
4408 5427
4409 5220
4409 6342
4410 4906
4411 4730
4412 5052
4413 4774
4414 5233
4414 7421
4416 5082
4417 5492
4419 6372
4420 7201
4422 7384
4424 4511
4426 7777
4427 6462
4428 5221
4430 6356
4430 6465
4431 6835
4432 6453
4433 6064
4435 5594
4435 6473
4435 7584
4436 5984
4437 7671
4437 7912
4438 4936
4438 5049
4439 6261
4440 5068
4440 7177
4441 7272
4441 7532
4442 4588
4443 6382
4444 7753
4445 6138
4445 6391
4446 5688
4447 6228
4448 5883
4448 7349
4448 7836
4449 6127
4449 6198
4450 5486
4451 6008
4452 4611
4455 5177
4455 5496
4456 7298
4457 6137
4457 6817
4459 5276
4459 6328
4460 6805
4462 6711
4463 5823
4464 4830
4465 6325
4466 6613
4467 5436
4467 6991
4468 4920
4470 5271
4470 5938
4472 5195
4472 5986
4472 7630
4473 5670
4475 5751
4475 5911
4476 5195
4477 7589
4478 7895
4479 6769
4480 5208
4480 7875
4481 5698
4483 6094
4483 7228
4484 7319
4485 4509
4485 5375
4486 6501
4487 4868
4488 7934
4489 4639
4492 6164
4492 7221
4493 4731
4493 5149
4494 6124
4494 6267
4495 4999
4496 6393
4497 7735
4498 4619
4499 7854
4501 7760
4502 5889
4503 5571
4504 5030
4506 6896
4506 7545
4508 7017
4509 7354
4512 5290
4512 6187
4512 6525
4512 7250
4513 6619
4514 5168
4517 7440
4518 4554
4518 4600
4518 5922
4520 6334
4521 4630
4522 4916
4523 4712
4524 6080
4525 4724
4525 5477
4525 7794
4526 5555
4526 7260
4527 4738
4528 6477
4529 6257
4529 6946
4529 7490
4532 7706
4532 7953
4533 5298
4533 6271
4538 5767
4539 4900
4540 5781
4541 5756
4544 5413
4544 5901
4546 6960
4548 4817
4550 7802
4551 7413
4552 4674
4552 5587
4553 6066
4555 7009
4559 5937
4562 7265
4563 5062
4563 5210
4563 7705
4564 7700
4565 4602
4565 5532
4567 7875
4570 5263
4570 7059
4571 4685
4571 5343
4572 5051
4573 6209
4573 7228
4576 7560
4577 4840
4577 5308
4579 4617
4581 5506
4581 6794
4582 5949
4583 5067
4584 5758
4586 7815
4587 6785
4588 4958
4590 5097
4590 5725
4593 6100
4595 4945
4595 5615
4595 5958
4597 5412
4598 5052
4598 5789
4598 7924
4602 5292
4604 6901
4605 6303
4605 7014
4606 7580
4607 5642
4607 6828
4607 7917
4608 6438
4609 6113
4609 7187
4611 5482
4611 5969
4612 7378
4613 4627
4614 4946
4614 5437
4614 6375
4615 7660
4616 7725
4620 6102
4620 6567
4621 7264
4622 5821
4622 7624
4624 6957
4625 4933
4625 6458
4628 4860
4628 5449
4630 6341
4630 6735
4631 4764
4632 6590
4635 5023
4638 6381
4641 5315
4641 5552
4642 6954
4643 6422
4643 6849
4644 5920
4646 7865
4647 4977
4647 7313
4648 7446
4649 7718
4650 5032
4650 5399
4650 6158
4650 6393
4650 7184
4653 5571
4654 6712
4654 6829
4655 5132
4655 6924
4655 7047
4657 4909
4657 7198
4658 5253
4658 7103
4658 7163
4659 7781
4661 6200
4662 6221
4662 7338
4663 6719
4665 6598
4666 6356
4667 7039
4669 5128
4669 5862
4672 6667
4672 7827
4675 5193
4675 5446
4676 5634
4677 6522
4677 6644
4678 7231
4680 7064
4681 6702
4682 5513
4682 7303
4686 5091
4686 6489
4690 4838
4690 5793
4690 6927
4691 5389
4691 7062
4692 5055
4692 5166
4693 7824
4695 5673
4696 7902
4697 6565
4698 4871
4700 5428
4700 7307
4701 5628
4702 5033
4702 7281
4703 7232
4703 7566
4704 5733
4705 7393
4708 4776
4710 5721
4711 7949
4713 7795
4714 6921
4715 6498
4715 7465
4716 5932
4717 5368
4718 7332
4720 5358
4721 4728
4721 4995
4722 5427
4722 5561
4723 4848
4724 7408
4725 4737
4725 7492
4726 6654
4729 6507
4729 6523
4732 6560
4733 5359
4733 7861
4736 6340
4736 7450
4737 6306
4738 5868
4738 7319
4738 7719
4740 5450
4740 6413
4740 6645
4742 6020
4745 6519
4745 7667
4748 6085
4749 4952
4750 6087
4751 5772
4752 7456
4753 6730
4753 7502
4754 5119
4754 6218
4754 7456
4755 5676
4756 7307
4757 7022
4757 7050
4758 5760
4759 6675
4760 5008
4762 5163
4763 7145
4765 5040
4765 6196
4765 6676
4767 5940
4767 6931
4767 6978
4768 6469
4768 6925
4772 6461
4772 7536
4772 7775
4774 6061
4775 6275
4777 5746
4777 6418
4778 5855
4779 4903
4782 6638
4784 6198
4785 6095
4785 6439
4786 5485
4787 5510
4787 6702
4789 6090
4790 7859
4791 7580
4793 5506
4794 4861
4794 7033
4795 5998
4795 6432
4795 7354
4797 6037
4797 7652
4798 6312
4799 6751
4804 7311
4805 6377
4807 5010
4808 4966
4808 5566
4808 6280
4808 6333
4808 6637
4808 7073
4809 7040
4809 7473
4810 7854
4811 7496
4812 5721
4812 5923
4812 6520
4813 6005
4815 6414
4815 7705
4815 7830
4816 7866
4818 5516
4818 7051
4820 5451
4823 6922
4827 7611
4828 6940
4828 7867
4829 6383
4831 6821
4832 6697
4832 7113
4833 7015
4835 5539
4835 6944
4837 5491
4837 5833
4839 5335
4840 5487
4840 5488
4840 7593
4842 7396
4842 7442
4842 7706
4843 6653
4845 6836
4846 5796
4846 7802
4847 5918
4849 5087
4850 7238
4852 7233
4853 7697
4856 7681
4858 7672
4859 5135
4861 5224
4862 6954
4863 5713
4863 7081
4864 4914
4864 5044
4865 5480
4865 6303
4866 4971
4866 7327
4867 5018
4867 6937
4867 7455
4869 5485
4870 7673
4871 6955
4872 6002
4873 6253
4874 6883
4876 5244
4877 5286
4878 6569
4879 6509
4880 5031
4881 5722
4881 6254
4882 7890
4886 7226
4887 5682
4888 4991
4888 6329
4888 7159
4889 7281
4889 7421
4892 5650
4893 6628
4893 7798
4894 6495
4897 6769
4898 5488
4898 5937
4902 6735
4903 7191
4903 7303
4904 5804
4904 7196
4907 5546
4909 7354
4910 5734
4910 6628
4912 5531
4915 6615
4915 6988
4915 7032
4915 7151
4916 5948
4917 7707
4918 6885
4919 5756
4920 6805
4921 6915
4923 5220
4923 5889
4925 7115
4925 7762
4928 7350
4929 6044
4931 5059
4931 5686
4932 4960
4932 5800
4932 7555
4933 6695
4933 7832
4934 5971
4934 6021
4935 5703
4936 7345
4938 5998
4942 5876
4944 6672
4948 6344
4948 7252
4949 7539
4950 7928
4951 5282
4951 7472
4952 6774
4953 5912
4953 6589
4954 5477
4954 6693
4955 7375
4956 5193
4960 5469
4961 7089
4961 7464
4962 7308
4962 7910
4964 5838
4964 6300
4964 7124
4965 5439
4966 7420
4967 7013
4972 5141
4973 6015
4975 7315
4976 5569
4976 5831
4976 6441
4978 6355
4978 7067
4979 5562
4980 6798
4981 7923
4984 5689
4985 7862
4986 6522
4986 7205
4987 7283
4988 5764
4989 5252
4989 6502
4990 7128
4991 5432
4993 5096
4993 7293
4993 7761
4996 7396
4997 5709
4998 5043
4999 6125
5000 6239
5000 6459
5001 7432
5002 5294
5003 5495
5005 5786
5006 5486
5007 6246
5007 7838
5009 6206
5010 7729
5012 6881
5014 7427
5015 5353
5016 5642
5016 6900
5017 5616
5018 5531
5022 7089
5027 6841
5027 7515
5028 7864
5030 7293
5037 6993
5041 6396
5042 6337
5043 7040
5043 7296
5044 6534
5044 6559
5044 7022
5045 6096
5046 5357
5048 5689
5049 6793
5050 5767
5051 6622
5053 5090
5054 5479
5055 5630
5055 6486
5055 7573
5057 6170
5058 5613
5058 7188
5059 5323
5059 5990
5060 7739
5061 6632
5062 7738
5066 7148
5068 5582
5069 6232
5069 6879
5070 6765
5071 5927
5072 7617
5073 5721
5073 6363
5074 6102
5075 5622
5078 6490
5079 6366
5080 7885
5082 7095
5083 7556
5084 7952
5085 5120
5085 6687
5085 7846
5086 5665
5087 7773
5088 5164
5089 7108
5090 7542
5091 6079
5092 7171
5093 5349
5094 7212
5096 6361
5097 5912
5098 6844
5103 6263
5104 5279
5104 5823
5109 5465
5110 7000
5114 7379
5115 5648
5115 7805
5117 6330
5117 7071
5120 6642
5121 6217
5123 5641
5123 5954
5124 5664
5127 7160
5128 5248
5129 7195
5129 7419
5131 5891
5133 6765
5133 7772
5134 7808
5135 6157
5136 7023
5136 7769
5137 7202
5139 5228
5140 6149
5140 6953
5141 5936
5142 7417
5142 7610
5143 6264
5143 7194
5145 5534
5145 6666
5145 7690
5147 6994
5149 5843
5150 6224
5151 7010
5153 5580
5154 6491
5154 6905
5155 5820
5156 6405
5156 6819
5156 7305
5159 5642
5159 6390
5160 7862
5161 5741
5161 7211
5162 6739
5162 7024
5162 7038
5165 6868
5166 6721
5167 6295
5167 7262
5168 6374
5170 6884
5174 6585
5175 7370
5176 6356
5177 6683
5178 6249
5178 6473
5180 7742
5181 7016
5182 6288
5183 5467
5183 6886
5184 5842
5187 6511
5188 5531
5189 5629
5190 5471
5190 6702
5190 7490
5191 6939
5191 7088
5192 5387
5192 6961
5194 5260
5194 6835
5195 5848
5195 5865
5196 6215
5197 7049
5202 6613
5205 5760
5205 7691
5206 6898
5206 7288
5207 5464
5207 5769
5209 7178
5209 7545
5209 7800
5210 6879
5212 5289
5213 6307
5214 5813
5214 6135
5214 6385
5214 7019
5215 7779
5216 5480
5217 5599
5217 7604
5218 6311
5218 6966
5222 5766
5222 7387
5224 5748
5224 5848
5227 5355
5227 6183
5227 7234
5228 5643
5228 6100
5230 5362
5230 5794
5234 7908
5235 5755
5237 6614
5239 6443
5239 6861
5240 6480
5243 7350
5244 7104
5245 5922
5245 7219
5246 5512
5246 5601
5247 6251
5248 5675
5248 6371
5249 6383
5253 5970
5253 7519
5253 7850
5255 5934
5258 7823
5259 6040
5261 7499
5262 6959
5262 7785
5265 5917
5266 7305
5268 7035
5269 7282
5270 7072
5272 5627
5273 7809
5274 6596
5274 6976
5274 7385
5275 7676
5278 7713
5279 7132
5280 7048
5281 7570
5284 6162
5284 6181
5284 6561
5285 5920
5285 6682
5285 7367
5287 5806
5288 5827
5292 6743
5293 5960
5293 6547
5293 7432
5293 7572
5293 7681
5294 6471
5294 7469
5295 7139
5296 7661
5297 6654
5299 6403
5300 6733
5300 7708
5302 7084
5306 7615
5307 5984
5308 7789
5310 7620
5313 7593
5314 5829
5316 6418
5317 6733
5317 7213
5320 5330
5322 5818
5322 6907
5323 7301
5324 7747
5325 5413
5325 6234
5325 7588
5326 6362
5326 6454
5328 5584
5328 6754
5329 7629
5330 6026
5330 6403
5332 5974
5332 6202
5333 7711
5334 7018
5334 7570
5334 7948
5335 6986
5335 7661
5336 6532
5336 7932
5337 7180
5338 6088
5338 6772
5338 7279
5339 7145
5340 7421
5342 6014
5346 5977
5347 5370
5347 6726
5350 6369
5353 6052
5356 5809
5357 6584
5357 7886
5358 5541
5358 7746
5358 7933
5359 6411
5360 7636
5361 7952
5363 7806
5365 7417
5366 5702
5367 5915
5368 7732
5371 5774
5371 6580
5372 6470
5378 6549
5380 6515
5380 7547
5381 6943
5382 7428
5382 7900
5387 7024
5388 6293
5388 7118
5388 7516
5391 6792
5392 5827
5392 6435
5393 5669
5394 7181
5396 5954
5400 5821
5400 7101
5401 6119
5402 7571
5407 6446
5409 6081
5412 7403
5412 7524
5416 7574
5417 6215
5417 6848
5418 6737
5420 7473
5421 7746
5424 5989
5429 6469
5431 6945
5433 6577
5435 5689
5436 7781
5440 5757
5441 6841
5442 6616
5442 7146
5442 7832
5445 5818
5446 5515
5448 6415
5448 7544
5449 6889
5450 7086
5452 6601
5453 6479
5453 6549
5457 7827
5458 5970
5458 6811
5460 5852
5460 6917
5461 7338
5462 6042
5462 6473
5465 6595
5466 6657
5466 7094
5467 7627
5469 6292
5470 6365
5471 6713
5471 6976
5472 6789
5472 7790
5473 6703
5473 7483
5474 6621
5474 6746
5475 7080
5477 6172
5478 7645
5479 5860
5479 7810
5480 6126
5481 6131
5484 7358
5486 7782
5487 6583
5488 6338
5489 6670
5491 6161
5491 6385
5493 5740
5495 6019
5498 6379
5499 7287
5500 5918
5500 6462
5501 7314
5504 5673
5505 7790
5507 6936
5507 6958
5508 6285
5508 7147
5509 5888
5509 6333
5509 6869
5510 7372
5512 7752
5514 7222
5515 6372
5515 6852
5517 6307
5518 6107
5518 6397
5521 7035
5522 6230
5523 7297
5526 5746
5528 5760
5528 5766
5531 5960
5531 7359
5531 7601
5532 5540
5532 7632
5533 6699
5539 7832
5544 6193
5544 7764
5545 7370
5547 5624
5548 5559
5550 7209
5552 6176
5553 5955
5553 7037
5556 5948
5556 6751
5557 6311
5557 6416
5559 6778
5560 7131
5565 5987
5565 6347
5566 7428
5570 7168
5570 7617
5573 5578
5573 7011
5574 7170
5574 7608
5575 5969
5577 5785
5577 7735
5578 5906
5578 6047
5580 6909
5580 6938
5582 6216
5582 6475
5585 6683
5586 7852
5587 6187
5588 6603
5590 7254
5595 6763
5597 6298
5598 5738
5599 7086
5600 5908
5602 6049
5603 6567
5603 6791
5603 7710
5604 7683
5606 6093
5610 6672
5611 6681
5612 5716
5614 7041
5616 7447
5619 6776
5619 7950
5620 5884
5621 6548
5624 6634
5624 7069
5624 7920
5627 6837
5627 7594
5629 6990
5631 7619
5632 5901
5639 7580
5643 7846
5644 6566
5644 7700
5645 6933
5645 7215
5646 6053
5646 6368
5646 7142
5647 5811
5649 7696
5650 5683
5653 7902
5653 7913
5654 6765
5655 6796
5655 7827
5657 5811
5658 6231
5659 6227
5661 6335
5661 7559
5663 6696
5663 7615
5664 5861
5664 6088
5665 6214
5666 5672
5666 7463
5667 7124
5669 6139
5672 5902
5672 6468
5672 7010
5674 7512
5674 7740
5674 7842
5676 6871
5681 7223
5683 6672
5684 7018
5686 6063
5687 7548
5688 6124
5691 7389
5692 6545
5695 6092
5696 5884
5696 7264
5696 7486
5697 7347
5700 6247
5700 7776
5702 6562
5703 7011
5704 7797
5707 6332
5716 6249
5718 7661
5723 7695
5725 7621
5727 5760
5728 7876
5729 6403
5729 7403
5731 6750
5735 7441
5737 7517
5739 7482
5744 6752
5746 6690
5749 6793
5750 6766
5753 6132
5755 7263
5755 7325
5757 6869
5757 7570
5759 6367
5759 7251
5761 6311
5766 7150
5770 7228
5771 7403
5772 7098
5772 7275
5776 5925
5776 6813
5778 6790
5778 7857
5780 6592
5780 6904
5783 6605
5783 7837
5784 6577
5784 7698
5785 7869
5788 7809
5789 6937
5791 7429
5793 7459
5793 7763
5794 5962
5795 6388
5795 6834
5796 6824
5798 6340
5800 7095
5802 7773
5804 5988
5804 6443
5809 6893
5815 6574
5818 6344
5818 7695
5819 6315
5820 7315
5820 7623
5825 6497
5825 6854
5826 6996
5827 7781
5828 7898
5828 7931
5829 6687
5829 7479
5830 7706
5831 5832
5834 6095
5834 6886
5836 7831
5837 6419
5838 5983
5838 6931
5838 7702
5840 6010
5841 6177
5843 7197
5844 6196
5845 6289
5846 7153
5848 6465
5850 5899
5854 7169
5854 7646
5855 7484
5856 6376
5857 7743
5858 6288
5860 7150
5865 6922
5871 7073
5872 6643
5874 5950
5877 7645
5878 6395
5879 6614
5879 6935
5879 7298
5880 7132
5882 5930
5883 7400
5884 7757
5885 6231
5885 6261
5888 7646
5890 6708
5891 6429
5894 6841
5895 7459
5896 7064
5897 6382
5897 7111
5898 6331
5903 7325
5904 7511
5904 7947
5907 6120
5907 7523
5909 6374
5910 7431
5910 7720
5911 7837
5912 6034
5913 7094
5913 7917
5915 7090
5916 5931
5919 7524
5921 6755
5922 7756
5923 6302
5924 6849
5926 6141
5927 7620
5927 7698
5928 7361
5928 7633
5929 6068
5932 5981
5932 6423
5932 7203
5932 7381
5933 7081
5933 7735
5934 6888
5935 6899
5937 6797
5942 6073
5942 7035
5944 7612
5945 7535
5946 7941
5947 6784
5947 6790
5949 6725
5953 6145
5953 6856
5956 7363
5959 7775
5962 6049
5962 6477
5962 7875
5964 7764
5967 6619
5968 7890
5969 6721
5972 7669
5973 7142
5973 7355
5975 6699
5977 6147
5977 7512
5977 7600
5984 7141
5988 6107
5988 7691
5989 6165
5991 6431
5992 6080
5995 7026
5998 7221
5999 7257
6002 6962
6002 7286
6002 7327
6005 6513
6009 6110
6012 6726
6014 6471
6014 7554
6017 7692
6020 6579
6022 6082
6023 6267
6023 7718
6026 6853
6027 7210
6028 7862
6030 6295
6033 7041
6037 6818
6038 7909
6040 6832
6040 7300
6040 7363
6042 6448
6043 6143
6043 7201
6049 7558
6051 6092
6051 6715
6052 6492
6054 7160
6057 6456
6058 6175
6059 7422
6068 6113
6069 6727
6069 7290
6072 7639
6073 6812
6073 7762
6074 6821
6074 7232
6076 6120
6076 6302
6082 6231
6088 7294
6090 6602
6090 7209
6091 7737
6093 7648
6094 6891
6094 7070
6094 7359
6100 6510
6100 6692
6103 6751
6106 6855
6106 7687
6108 6870
6111 6554
6111 7336
6112 7502
6112 7839
6115 6604
6119 7237
6120 6525
6120 7477
6121 6822
6122 7129
6123 7810
6125 7420
6128 6334
6129 6789
6131 7633
6133 6182
6134 7367
6136 6343
6136 6421
6136 7084
6137 6281
6137 6337
6142 6634
6143 6673
6146 6266
6146 7777
6148 7331
6150 6749
6155 6583
6155 6884
6156 6412
6157 7026
6159 7249
6162 7379
6164 7125
6166 6239
6167 6433
6170 7039
6171 7884
6173 6854
6173 7391
6174 6318
6185 7784
6186 7668
6189 7008
6190 7005
6190 7409
6191 7036
6197 6406
6197 7312
6199 6952
6199 7828
6200 6872
6202 6747
6203 7533
6208 6556
6210 6563
6210 7590
6218 6789
6220 7152
6222 7230
6222 7316
6224 6711
6225 7475
6226 6597
6228 7570
6229 6236
6233 6655
6235 7729
6237 6657
6239 7157
6241 6913
6241 7416
6243 7755
6244 7202
6247 6548
6250 7217
6251 7860
6253 6665
6255 6310
6255 7867
6258 7685
6259 7399
6268 6477
6272 6822
6276 7725
6277 6733
6278 6687
6278 7211
6280 7798
6281 7703
6286 7238
6290 7521
6291 7629
6292 6895
6293 7933
6294 7539
6295 6766
6297 6556
6297 7696
6299 6700
6299 7367
6301 6886
6301 7865
6302 6983
6309 7874
6311 6849
6311 7027
6314 7910
6320 6414
6321 7536
6321 7653
6322 7045
6322 7658
6323 7619
6324 7369
6324 7912
6327 6509
6327 7952
6328 6930
6333 7215
6334 7565
6339 6485
6339 7219
6340 7694
6342 6436
6344 7031
6345 7431
6348 7823
6351 7823
6352 7715
6354 7081
6359 7229
6360 7808
6364 6822
6369 7310
6374 6829
6378 6386
6379 7259
6380 6841
6381 6578
6381 7443
6382 7028
6383 7715
6387 7926
6389 7717
6400 6477
6400 7159
6404 6894
6407 6453
6407 7185
6408 6505
6409 7716
6412 7852
6416 7568
6417 6900
6417 7256
6423 7067
6424 7741
6425 7281
6428 6934
6435 6887
6436 6966
6437 6893
6442 6774
6445 7369
6447 6870
6449 7170
6452 7103
6452 7935
6454 7817
6458 6655
6460 6518
6464 6636
6465 7005
6473 7929
6475 7342
6477 7089
6485 7925
6492 7048
6494 7531
6499 7016
6510 7066
6512 6517
6517 7726
6518 6670
6518 6998
6519 6845
6521 7643
6523 7143
6525 7954
6526 7011
6527 7243
6528 6902
6530 7912
6531 7318
6532 6805
6535 7661
6539 7063
6545 7067
6546 7268
6547 6755
6548 7831
6553 7743
6554 7019
6572 7022
6574 7792
6576 7805
6579 7933
6580 7241
6581 7503
6582 7055
6584 7408
6585 6877
6589 7678
6593 6661
6593 7606
6596 7935
6601 7326
6603 6972
6603 7253
6608 7496
6609 7786
6610 7692
6611 6961
6612 6797
6616 6681
6616 7353
6618 7574
6619 7727
6621 6626
6621 7745
6623 7400
6624 6728
6627 7100
6629 7916
6635 6719
6636 7171
6639 7580
6640 6810
6644 7644
6647 7238
6647 7651
6648 7911
6651 6660
6652 6762
6655 7895
6656 6798
6658 6815
6661 6940
6661 7070
6662 7789
6663 7486
6663 7783
6668 6977
6673 7686
6677 6770
6681 7378
6684 7772
6686 7751
6689 7089
6691 7656
6697 6873
6698 7214
6698 7232
6700 7746
6712 6753
6713 6810
6722 6965
6724 7379
6724 7418
6729 6780
6732 7380
6737 7615
6739 7023
6739 7943
6740 7583
6740 7780
6743 7789
6745 7339
6749 7475
6755 6872
6757 6954
6760 7282
6761 6978
6762 7437
6763 6799
6765 6970
6765 7132
6766 6914
6771 6930
6772 6963
6773 7639
6774 7011
6776 7149
6779 7754
6780 7059
6782 7465
6786 7622
6786 7919
6787 6860
6789 6993
6799 7887
6799 7929
6805 7277
6806 7090
6807 7082
6809 7792
6812 7672
6822 7871
6825 7196
6828 6971
6832 7309
6839 7363
6841 7605
6843 7211
6845 6925
6845 7760
6850 6949
6854 6951
6859 6999
6867 7375
6869 6958
6874 7951
6875 7674
6878 7366
6880 7060
6885 7013
6888 6990
6898 7323
6902 7340
6906 7518
6906 7638
6910 7844
6912 7763
6923 7504
6923 7872
6929 7138
6929 7529
6930 7519
6932 7564
6935 7598
6939 7625
6944 7644
6945 7451
6948 7585
6950 7098
6957 7083
6964 7186
6969 7304
6970 7057
6970 7676
6972 7516
6974 7553
6982 7839
6995 7595
6995 7631
6998 7525
6999 7665
7002 7368
7002 7462
7006 7077
7011 7354
7038 7908
7042 7834
7050 7428
7051 7556
7052 7776
7053 7104
7057 7428
7058 7866
7068 7798
7070 7477
7070 7877
7071 7074
7078 7588
7082 7189
7084 7510
7088 7633
7089 7894
7090 7271
7095 7217
7114 7783
7120 7230
7122 7862
7127 7750
7131 7289
7135 7626
7140 7774
7147 7494
7149 7371
7149 7820
7150 7751
7155 7193
7156 7256
7159 7409
7162 7805
7163 7385
7166 7492
7168 7225
7171 7746
7180 7763
7184 7694
7188 7617
7193 7728
7204 7456
7208 7768
7212 7365
7213 7570
7215 7845
7216 7583
7220 7404
7221 7227
7225 7550
7226 7708
7226 7906
7236 7913
7254 7301
7256 7453
7283 7540
7289 7901
7311 7829
7312 7490
7312 7633
7318 7419
7331 7873
7332 7809
7343 7430
7346 7717
7349 7855
7349 7946
7350 7399
7350 7640
7352 7396
7353 7928
7355 7389
7357 7527
7363 7736
7371 7804
7377 7853
7379 7394
7379 7830
7381 7487
7384 7897
7391 7879
7396 7485
7402 7820
7411 7815
7428 7614
7430 7585
7434 7704
7436 7669
7440 7477
7443 7764
7453 7742
7453 7834
7464 7726
7477 7942
7487 7836
7496 7850
7497 7512
7498 7937
7511 7607
7526 7858
7527 7759
7528 7678
7530 7827
7543 7588
7545 7847
7546 7803
7570 7669
7578 7858
7583 7826
7588 7670
7590 7923
7656 7664
7680 7788
7686 7941
7724 7887
7782 7868
7789 7874
7921 7943
