0 2958
1 1490
1 2391
2 540
3 428
4 2605
4 2695
4 3539
5 403
5 1696
5 3186
5 3531
6 808
6 1654
6 2228
7 3472
7 3794
7 4179
7 4328
8 864
8 1110
8 3973
9 380
10 2688
11 4619
12 2317
12 3689
13 2351
13 2417
14 4703
15 2137
15 3745
16 4073
17 1319
17 2261
18 4061
18 4255
19 4493
20 1231
20 3563
20 4013
21 3932
21 4329
22 1460
23 254
23 3187
23 4164
24 1464
24 2298
24 3370
24 3449
24 4543
24 4663
25 3105
26 3468
26 3830
27 130
28 395
28 1428
28 2218
29 380
29 2663
29 3135
29 3919
29 4349
30 1504
30 1567
31 4763
32 182
32 4302
33 321
33 3192
34 882
34 1309
34 4301
34 4358
35 535
35 623
35 3197
35 4031
35 4516
36 3084
36 3391
36 4287
37 473
37 1842
38 700
38 1993
38 3481
39 189
39 4313
40 1020
41 540
41 1721
41 4195
41 4389
42 3817
42 4221
43 359
43 2793
44 4516
45 2343
46 3812
47 788
47 1487
47 2184
47 2627
47 3264
48 2621
48 4620
49 549
49 1950
49 2577
49 2964
50 3925
51 169
51 873
51 2060
52 1568
52 2618
53 129
54 3021
55 3181
55 3613
55 3803
56 3104
57 4180
58 671
58 2977
58 3586
59 1162
60 1460
60 1514
60 1629
60 2685
61 815
61 1123
61 3621
61 4559
62 624
62 974
62 1142
63 582
64 1991
64 2493
65 330
65 783
65 4686
66 624
67 2763
68 1424
68 2312
69 408
69 1433
69 3380
69 4296
70 2070
70 2143
71 261
71 4762
72 307
72 1307
73 826
73 1657
73 1801
74 794
74 2869
75 2216
76 2251
76 2284
76 2604
76 4252
77 1570
77 4523
78 450
78 4135
78 4163
79 1534
80 546
80 938
80 3122
80 3629
81 1971
81 2373
81 4691
82 2894
82 4253
83 1427
83 3734
83 3942
84 266
84 4204
85 757
85 2387
85 2516
85 4004
85 4368
86 721
86 1094
86 2058
87 1008
88 1097
88 1683
88 1918
89 1848
89 3300
89 4059
90 3209
90 4537
91 1034
92 1193
92 2025
92 4279
92 4542
93 3751
94 291
94 897
94 1483
94 3976
95 3181
96 1875
96 2889
96 4602
97 1225
97 3802
97 4692
98 990
98 4562
99 711
99 812
100 139
100 1393
100 1803
100 1981
100 3394
101 982
101 3145
102 161
102 3041
103 2386
103 2401
104 1108
104 3162
105 3791
106 2860
107 3070
108 2546
108 2564
108 4150
109 752
109 2502
109 4449
109 4592
110 1429
111 460
111 1689
111 2971
112 4388
113 1404
114 3093
115 1151
115 4108
116 2413
117 486
117 2843
118 2757
118 4159
118 4815
119 847
119 2284
119 3167
119 4135
120 1359
120 1749
120 2017
120 3170
120 4257
121 475
121 999
122 1019
122 2465
123 535
123 2124
123 4013
123 4070
124 1032
124 1054
124 4202
125 1722
125 2683
125 4184
125 4264
126 2535
126 4778
127 242
127 2667
127 4028
128 1847
128 2244
128 3989
128 4273
129 2285
129 4654
130 2647
130 3843
130 4185
131 1520
132 179
132 956
132 2739
132 4715
133 317
133 936
133 2224
133 2401
133 3380
134 4313
134 4785
135 880
135 2376
136 225
136 1888
136 2740
137 1090
137 2444
137 4448
137 4502
138 267
138 762
138 2449
139 2053
139 3590
139 4807
140 1281
141 1966
141 2466
141 3397
141 4817
142 604
142 2142
143 1698
143 2508
143 2568
143 3393
143 3454
144 3972
144 4542
145 1244
145 4667
146 4458
147 153
147 1581
148 1202
148 2954
149 763
149 1695
149 3376
149 3801
149 4625
150 1989
150 2208
151 1675
151 1680
151 4256
152 2513
152 3057
153 345
153 506
153 1426
154 1184
155 3695
156 812
156 1716
156 4585
157 978
157 2307
157 2451
157 4616
158 2449
159 510
159 4026
159 4325
160 670
160 1724
161 227
162 997
162 3710
162 4096
163 1561
163 2119
163 4587
164 231
164 3934
165 507
165 1566
165 2423
165 2481
165 3529
166 975
166 1268
166 3750
166 3795
166 4256
167 1410
167 2845
168 588
168 755
168 1412
168 3332
169 866
170 875
170 2199
170 2917
170 3393
170 4482
171 536
171 940
171 1444
171 4119
172 3322
172 3557
173 3303
173 3547
174 4657
174 4764
175 440
175 3730
175 3965
176 1454
176 4394
177 571
177 2190
177 3078
177 3644
178 2104
179 2567
179 2679
180 535
180 2809
180 4835
181 1606
181 3791
181 4084
181 4442
181 4596
182 3723
183 2782
183 3251
183 4509
184 365
184 669
184 1215
184 1448
185 246
185 1230
185 1483
186 266
186 3363
186 4232
187 2321
187 2535
188 1117
188 1404
189 3322
189 4768
190 1617
190 2117
190 2535
191 635
191 1146
192 2134
192 4315
193 1934
193 4007
194 417
194 1110
195 1171
195 1613
196 3667
196 4318
197 2475
197 2758
198 1917
198 2836
199 3297
199 3463
200 3009
200 3705
200 4752
201 220
201 1421
202 2348
203 3368
204 917
204 3598
204 4445
205 4564
206 2433
206 2702
207 1194
208 312
208 3147
209 1166
209 1950
210 3151
210 3429
210 4544
211 944
211 1765
211 3275
211 3581
212 3466
213 2196
213 4406
213 4462
214 1345
214 1979
214 2937
214 4656
215 353
215 1934
215 2152
215 2746
215 3414
215 3918
216 1488
216 2226
217 1879
217 2325
217 3704
218 3009
218 3096
219 1741
220 3101
221 660
221 1029
221 1245
221 1251
221 2082
222 384
222 613
222 986
222 2272
223 2675
223 2911
223 3721
223 3842
223 4140
223 4591
224 609
224 2048
225 883
225 3345
226 1507
226 1675
226 3361
226 4363
227 1534
227 4451
228 271
228 1726
229 903
230 1516
230 2189
231 1312
231 1538
231 2771
231 3190
232 1715
233 2984
233 3562
233 4662
234 403
234 1128
235 485
235 844
235 1086
236 2308
237 786
237 3057
237 4606
238 948
238 3832
239 363
239 2645
239 3060
240 955
240 1589
240 2923
241 2756
241 2837
241 4053
242 2405
242 2546
242 4303
243 2155
243 4425
244 1132
244 3050
244 4166
244 4214
244 4745
245 4214
246 860
246 2582
246 3533
247 811
247 1340
247 2331
248 977
248 1005
248 3754
249 724
249 1862
249 4117
250 2277
250 2876
251 1851
252 1086
253 1093
254 479
255 4626
256 1036
256 1120
256 4290
257 3632
257 4064
258 2063
258 2211
258 2394
258 4121
259 2561
259 2743
260 2999
261 2581
261 3698
261 4153
262 3045
263 389
264 1708
264 3323
264 3435
264 4039
265 846
265 3941
265 4486
266 613
266 2205
266 2783
266 4835
267 1209
267 3444
268 4771
268 4845
269 576
269 4536
269 4813
270 3084
271 4242
271 4321
272 739
272 2508
272 4517
272 4522
273 3313
273 4519
274 290
274 919
274 3104
275 567
275 4508
276 1519
276 4638
277 1512
277 3608
278 2000
279 1736
280 1381
280 4823
281 1778
281 2957
281 4111
281 4691
282 3157
283 1172
283 3008
284 534
284 3027
284 4670
285 754
285 3194
285 3207
285 4716
286 3826
287 3292
287 4544
287 4566
288 884
288 1876
288 4048
289 825
289 4822
290 3366
291 1365
292 1754
292 3527
293 724
293 1595
293 3906
294 646
294 3322
295 1950
295 3019
295 3703
296 4188
297 3357
297 4141
298 4055
299 1084
299 1126
299 2579
299 2806
299 3196
299 4359
299 4452
299 4775
299 4821
300 534
300 850
300 1679
300 1687
300 4715
301 1431
301 3046
302 2769
302 3293
302 3458
303 704
303 3667
304 1880
305 729
305 2614
306 426
306 2691
306 4091
306 4583
306 4584
307 1861
307 2235
307 3101
307 3534
308 661
308 2034
308 3392
308 3776
308 4530
309 1955
309 1981
309 3407
310 397
311 783
311 3422
312 1522
312 1900
313 2127
313 4744
314 2887
315 4223
315 4756
315 4811
316 1423
316 1510
316 3431
316 4094
317 2330
317 4807
318 3075
319 368
320 1571
320 1713
320 2244
321 1766
322 609
322 1068
322 1154
322 1768
322 2129
322 2994
323 3847
324 1517
325 1749
325 4474
326 3878
326 4732
327 913
327 929
327 4355
328 3127
328 4309
329 2238
329 3276
331 1516
332 3946
333 1636
334 462
334 1676
334 2539
334 3406
334 4309
335 648
335 1488
336 2613
336 3751
336 4519
337 3053
338 2393
339 2035
339 4565
340 627
340 2931
341 359
341 3335
341 3539
342 4564
343 3714
343 3781
343 4273
344 361
344 702
344 2691
345 372
345 4008
345 4181
345 4298
345 4316
346 593
346 661
346 1383
346 4684
347 379
347 2015
348 2637
348 4074
348 4397
348 4481
349 354
349 727
349 2852
349 4136
350 938
350 2235
351 4578
352 1751
352 3630
352 4372
353 1458
353 2753
353 3042
353 4844
354 3586
355 4291
356 2226
357 1588
357 1965
357 2048
357 2778
358 3260
359 2458
359 3044
360 1069
360 2061
361 1276
362 3432
362 4034
363 2147
364 2246
364 3319
365 981
365 3569
365 3931
365 4200
365 4626
366 2351
367 2786
367 3272
367 3964
367 4278
368 3539
369 1870
369 2856
370 3846
371 419
371 563
371 818
372 1818
372 2876
372 3138
373 533
373 4025
374 4757
375 1768
375 2288
375 4669
376 2483
376 4527
377 1597
377 2296
378 2618
378 2731
379 780
379 1927
379 3041
380 1668
380 3775
380 4387
381 1112
381 1156
381 3368
382 2302
382 2620
382 4555
383 1896
384 4146
384 4474
385 734
385 1247
385 2469
385 2856
386 1642
386 3676
386 3872
387 1793
387 2401
387 2726
388 3476
389 1090
389 4192
390 3895
390 4245
391 1466
391 4254
392 913
392 1948
392 3456
392 4032
393 425
393 3022
393 4037
394 1236
394 2794
394 3475
394 4709
395 4642
396 682
396 2810
397 3206
398 1172
398 2849
398 4224
399 566
399 732
399 1744
399 2052
399 3621
400 1281
400 1461
400 2815
400 4783
401 2865
402 830
402 3973
403 585
404 3560
404 3729
405 464
405 1635
405 2766
406 3565
406 3905
407 2953
409 1173
410 874
410 1998
410 2350
411 438
411 663
411 1077
411 1123
411 2554
411 3061
412 2343
412 3277
412 4415
413 3024
413 4666
414 4017
415 1836
415 3513
415 3869
415 4327
416 1644
416 4400
417 638
417 4606
418 3606
418 3902
418 4249
420 3462
420 4711
421 4737
422 3855
423 3046
423 4678
424 2566
425 700
427 1018
427 4015
428 1721
428 3141
428 3954
428 4811
429 3346
430 1544
430 4517
431 3375
432 3072
432 3241
433 1151
433 1508
433 2117
433 2293
434 2113
435 4730
436 3154
436 3811
437 532
438 1277
439 770
439 4600
440 488
440 1879
440 3814
441 3053
441 3422
442 3859
442 4730
442 4731
443 1424
443 1791
443 2289
443 4049
444 715
445 1368
445 1493
445 1849
446 2035
447 4328
448 2908
448 3354
449 516
449 789
451 2225
452 4740
453 4641
454 1528
454 1905
454 3403
454 3938
455 2406
455 4337
456 871
457 2694
457 4474
457 4493
458 1533
458 3994
459 999
459 2844
459 3244
459 4438
459 4743
460 505
460 919
460 1506
460 1645
460 2251
460 2841
460 4441
461 2025
461 3056
462 2992
463 2958
463 3740
464 2752
464 4550
464 4816
465 609
465 1628
465 2585
466 4844
467 2120
468 1427
468 1761
469 1289
469 1434
469 1830
469 2056
469 3117
469 3596
469 3920
470 1898
470 3807
471 2194
471 4137
472 698
472 743
472 3364
472 3365
472 3812
474 1582
474 4562
475 2200
475 2856
475 4552
476 1899
476 2122
476 3293
477 636
477 1165
477 3695
478 2623
478 4485
479 764
479 2036
479 4811
480 483
480 1455
480 2894
480 4273
481 1473
482 502
482 2366
482 3717
483 1962
484 843
484 1622
484 1851
484 2471
484 2778
486 1609
486 4779
487 2514
487 2802
488 2660
488 2907
488 3044
488 3457
489 2374
490 2732
491 3810
491 3981
492 1143
492 2102
492 3532
492 4418
493 573
493 970
493 2727
494 640
494 2695
495 4659
496 3024
497 1330
497 1332
498 885
499 4064
499 4181
500 1638
500 2327
501 2818
502 3816
503 3660
504 2407
504 2723
506 1221
506 3178
506 3645
506 4230
507 879
507 1147
507 1177
508 1595
508 1955
509 2484
510 2607
511 791
511 2132
511 2551
512 3266
513 625
513 4759
514 3440
515 3294
516 3132
517 2491
518 4772
519 1345
519 2922
520 1488
521 1217
522 2676
523 1259
523 1332
523 2134
524 2366
524 3711
525 2754
525 4742
526 1744
526 3806
527 875
527 1531
527 2842
527 4347
527 4452
528 2036
528 3660
529 3171
529 3666
529 4608
530 1392
530 3983
530 4493
531 3897
532 2590
533 3295
534 4691
535 1502
535 2557
535 3185
535 4374
536 2165
536 2838
537 1794
537 4206
538 2062
538 2561
539 1245
539 3704
540 4206
541 3548
541 4757
542 1478
542 1752
542 2573
542 3926
543 1301
543 2721
543 2960
544 572
545 825
545 2028
545 3669
547 2034
547 3333
548 930
549 1837
549 2101
549 4494
550 653
551 932
551 4023
551 4513
552 660
552 3703
553 803
553 2230
553 3754
553 4323
554 1040
554 2608
555 3978
556 956
557 1765
557 2340
557 2656
558 567
559 1122
560 633
560 3497
560 4220
561 1052
561 1284
562 4415
563 3589
564 1578
565 1661
565 1712
565 2372
566 2371
566 3360
567 2160
567 3904
568 2273
569 1147
570 2699
570 3176
570 3558
571 3994
571 4754
572 788
572 1568
572 3010
572 4089
572 4141
573 1986
573 2927
573 3361
573 4751
574 680
574 924
574 2410
574 3883
575 2466
575 4304
576 2418
576 2887
576 3069
577 717
577 4788
578 646
578 1047
578 1601
578 2892
579 956
579 4178
580 2215
580 2473
580 4602
581 1478
582 4421
582 4498
583 2187
583 2575
583 3012
583 3626
583 3732
584 1553
584 3888
585 1994
586 847
587 1114
587 1472
587 1743
587 3720
588 1105
588 4128
589 1885
589 1920
589 4313
590 1516
590 3162
591 1234
591 3289
592 3374
593 1751
594 1685
594 4269
595 1283
596 1692
596 3344
596 4819
597 1849
598 610
598 4708
599 1644
600 2503
600 2794
600 4502
601 721
601 4213
602 720
602 3397
603 4247
605 1903
606 1807
606 2290
606 3026
607 2338
607 3251
607 3524
608 1206
608 4259
609 1025
610 1786
611 2392
612 2140
612 3672
614 995
614 2723
614 3320
615 1959
615 3921
615 4243
616 1279
616 1535
616 3399
617 3214
617 3701
618 1389
618 2291
619 2559
619 3530
620 3544
620 3670
621 4596
622 1278
623 636
623 3857
624 4000
625 1435
625 2446
625 2919
626 1988
626 3706
628 1878
628 2384
628 2834
628 3961
629 3186
629 3306
630 723
630 1202
630 2567
630 2599
630 3590
631 4431
632 892
633 4109
634 1844
634 4500
635 652
635 1822
635 2925
636 1254
636 3177
637 2454
637 4285
638 1617
638 1758
638 2149
638 2475
638 2676
639 1375
639 1507
640 1285
641 1522
641 2220
641 2225
642 3172
642 3284
642 4613
643 1061
643 2787
643 2940
643 3236
644 1800
645 1661
645 1851
647 4113
648 1314
648 3818
648 3970
649 1997
649 3282
650 939
651 988
651 4343
652 1886
653 2858
653 3727
654 3250
654 3552
655 769
655 1396
656 815
656 2247
657 3823
658 3095
659 3066
659 3702
659 4631
660 1564
660 3577
661 843
661 1574
661 2478
661 3228
661 4624
662 2064
663 4239
664 1181
664 1875
665 4246
666 1538
666 1688
666 2832
667 2429
667 2519
667 2907
667 3583
668 3036
668 3262
668 4656
669 1769
669 3011
670 1351
671 1418
671 3029
672 1463
672 2088
672 2961
673 1262
673 3486
674 1285
674 3144
674 3909
675 1720
676 2378
676 2822
676 3603
677 2930
677 3312
677 4254
677 4537
678 3915
679 1506
679 4098
679 4164
680 936
680 4698
681 784
681 2726
681 4349
682 864
682 4051
683 891
683 1482
683 1686
683 4538
684 1369
684 3276
685 3529
685 4831
686 3653
686 4235
687 2093
687 3215
687 4417
688 1504
689 1271
689 2154
690 2576
691 1746
691 2715
692 1745
692 3543
693 2278
693 2922
693 4648
694 2042
695 2788
696 1585
697 2884
697 4196
699 1588
699 4432
701 2764
701 3789
702 2411
702 4107
703 792
703 2444
704 3401
704 3645
705 1095
705 1938
705 2935
706 2060
706 2353
706 3235
706 3736
707 4334
708 2227
708 3578
709 4685
710 4211
711 2344
712 4322
713 3493
714 1196
714 2310
715 825
715 914
715 4121
715 4784
716 4658
717 3248
717 3868
718 1485
719 2615
719 2817
720 736
720 1125
720 2664
720 3376
722 1928
722 2204
722 2247
723 3417
723 3834
723 4168
723 4313
724 1602
724 2732
724 2786
724 3748
725 1260
725 4105
725 4149
726 737
726 2137
726 3515
727 4504
728 964
728 2505
730 1736
731 3230
731 4158
732 900
732 1621
732 2161
732 2667
733 750
735 2631
735 3291
736 997
736 1491
737 1496
737 3320
737 3837
737 3946
738 2775
738 3516
738 4734
739 2716
740 919
740 1701
740 2203
740 2649
741 1701
741 4434
742 2360
743 1845
743 2465
744 4070
745 4519
746 827
747 1012
747 2572
747 4308
747 4733
748 2951
748 4469
748 4532
749 1061
749 1993
749 3161
750 1006
750 2514
750 2737
751 1699
752 1075
752 1089
752 3180
752 3672
753 1928
755 1806
755 4609
756 2244
756 3620
757 3616
758 1768
758 2456
759 1531
759 2990
760 1931
760 2532
761 2462
762 2480
762 3951
763 3094
764 4050
764 4117
765 1390
765 3200
765 3402
766 1598
766 2150
766 4699
767 2343
767 4685
768 1578
768 3645
770 852
770 1446
770 1716
771 2745
771 3221
771 4446
772 984
772 1314
772 2492
772 3386
772 3965
773 2565
774 3449
775 2907
775 4601
776 1719
776 3706
777 4316
777 4488
778 2253
779 1106
779 2497
780 2201
780 3459
781 838
781 1639
781 2178
781 2425
781 3421
781 4038
782 1119
782 2566
783 1278
784 1161
784 1459
784 1511
784 2400
784 4167
785 1952
785 2820
785 4108
785 4378
787 1288
787 1356
787 4030
787 4263
788 3291
788 4440
790 2423
790 2864
790 4124
791 2985
791 3428
791 3831
791 4575
793 4233
794 2000
795 2181
795 4740
796 2326
796 3718
797 4567
798 3087
798 3388
799 4542
800 3058
801 2215
802 1026
802 1361
802 3363
802 3616
802 4608
803 2571
804 3429
805 3883
805 4194
806 1200
806 4252
806 4843
807 1222
807 3181
807 4753
808 2762
808 2764
809 1394
809 2055
809 2463
809 4333
809 4393
809 4615
810 3730
810 4199
810 4810
811 1854
812 2505
812 4219
813 1877
813 2910
814 2058
814 3297
815 1081
816 2106
816 4287
817 904
817 1402
817 4524
817 4805
818 4273
819 3092
819 3681
820 3734
821 1257
821 2440
821 3206
822 1871
822 1995
822 2039
822 2956
822 4295
823 3115
823 3492
824 880
824 4596
825 1896
825 4018
827 1152
827 1573
827 2840
827 3429
827 3916
828 1664
829 3044
831 3565
831 3901
831 4187
832 3859
832 4312
833 3752
833 4542
834 2097
834 2159
834 2469
835 3140
835 3587
836 1006
836 4564
837 2608
837 2951
838 1583
838 4645
839 3602
840 4514
841 1759
841 2027
842 1017
842 1767
842 2587
843 960
843 3647
844 1077
844 2364
844 2485
844 3618
845 3146
846 3123
846 3741
846 4422
847 939
847 1536
847 1761
847 2732
847 3151
848 2597
849 1611
849 3341
849 4271
849 4401
850 3106
851 2434
851 3498
851 4063
851 4476
851 4508
852 1924
853 2318
853 4609
854 1107
854 2214
854 4061
854 4725
855 979
855 3182
855 3258
856 2144
857 891
857 968
858 1930
858 4445
859 2020
861 3163
861 4697
862 2166
863 2610
863 3298
863 4160
864 1125
864 3002
865 2484
865 4751
866 2245
867 2426
867 2496
868 3539
868 4446
869 3540
870 2961
870 3922
870 4061
871 2113
871 2265
872 4746
873 2830
873 3813
874 2885
875 1644
875 1928
876 2271
876 3774
876 4668
877 2203
877 2397
877 2411
878 2912
878 3418
880 3978
881 2151
881 4583
882 1644
882 2575
882 4310
883 2845
884 1594
884 2290
884 4249
885 4488
885 4504
886 2638
887 4348
888 1257
888 2254
888 2582
888 3570
889 905
889 1805
889 1917
889 3208
889 3328
889 3494
890 3659
890 4021
891 1650
891 2129
891 2825
891 3430
892 1323
892 2525
893 1256
894 1461
894 4106
894 4643
895 1178
895 1646
896 1860
898 2027
898 3208
898 3663
898 3831
899 4319
900 2445
900 3170
901 2087
901 4112
902 4160
903 1360
904 1226
904 3414
905 4405
906 3915
907 2222
907 2373
907 3247
907 4113
907 4443
908 3999
909 1922
910 3175
910 3274
911 1301
912 1035
915 1433
916 1027
916 2103
917 3641
918 3350
918 4359
919 1251
920 3730
921 3045
922 1847
922 3069
922 3111
923 2518
924 1581
925 3233
925 4506
926 1207
926 2284
927 2870
928 3787
929 4587
930 3005
931 4639
932 2134
932 2467
932 2680
933 1338
933 2378
933 3164
934 1935
934 3514
935 998
936 3795
936 4438
936 4570
937 997
937 1427
939 4138
939 4142
941 3390
941 3398
941 3715
941 4533
942 2095
942 2406
942 2816
943 4299
944 1456
945 1840
945 3143
945 3997
946 2252
946 2568
947 2824
947 3282
948 1231
948 3672
948 4061
949 1853
949 4611
950 2148
951 1040
951 1685
951 3642
951 4509
952 3065
953 2364
953 2452
953 2485
953 3486
954 1941
955 1624
956 3928
956 3960
956 4646
957 998
957 1379
957 1908
958 3236
958 3325
958 4353
959 2944
959 4827
960 1473
960 3447
961 1704
961 2496
961 3195
961 3339
962 2772
962 3645
963 2259
963 3232
964 4393
965 1812
966 1764
967 3240
968 1731
969 1326
969 2565
969 3608
969 4045
971 3296
971 4501
972 3581
972 3732
973 2019
973 3833
976 1255
976 2558
977 1852
977 2399
977 3147
977 3360
977 3753
977 3824
978 3133
979 1190
979 3226
979 4412
980 2014
980 3330
983 2278
983 4003
985 1260
985 2351
985 3338
987 1622
987 2932
987 3767
987 4665
988 4074
989 1610
989 4689
990 4531
991 4102
991 4507
992 2882
992 4191
992 4385
993 1247
993 1270
993 3114
993 4810
994 1908
994 2094
994 2927
994 3567
995 3540
995 3649
996 2017
998 1089
998 4359
999 1493
999 2183
1000 1535
1000 3003
1000 3019
1001 1007
1001 3098
1001 3327
1002 1399
1003 2735
1003 4334
1004 1704
1004 4498
1007 4100
1007 4671
1008 1977
1008 2057
1008 4775
1009 1568
1010 1109
1010 2206
1011 1335
1011 1772
1011 3476
1012 1677
1013 1277
1013 3211
1013 3343
1014 3733
1015 2683
1015 3018
1016 2336
1016 3367
1016 3605
1016 4546
1017 2329
1018 3267
1018 4409
1020 1987
1020 2715
1020 3025
1021 1474
1021 1585
1021 2294
1022 1552
1022 2585
1022 4531
1023 2324
1023 2533
1023 2662
1023 3843
1023 3952
1023 4016
1024 2215
1024 3805
1025 3627
1026 3108
1026 3843
1026 4071
1028 2248
1028 3600
1029 1932
1029 3838
1030 1985
1030 3304
1030 3609
1031 2840
1032 3393
1033 3960
1034 2770
1034 4804
1035 1943
1036 2983
1037 2539
1037 4814
1038 3467
1038 3718
1039 1786
1039 2930
1041 4643
1042 1468
1042 2396
1042 2589
1042 3271
1042 3293
1043 4029
1044 4661
1045 1281
1045 2102
1045 3726
1045 4608
1046 1053
1046 1449
1046 2814
1048 1273
1048 3085
1048 3465
1049 1540
1049 2581
1050 4131
1050 4762
1051 1517
1051 2897
1053 3705
1053 4760
1054 3012
1055 4785
1056 3265
1056 3304
1056 4673
1057 2682
1057 3343
1057 4705
1058 1500
1059 3216
1059 4224
1059 4484
1060 3154
1060 4696
1060 4784
1061 1272
1061 1990
1061 2333
1061 2982
1061 3372
1061 3944
1062 4276
1063 1971
1063 3707
1064 4257
1065 2197
1065 3510
1066 3069
1067 1725
1067 3993
1068 1756
1068 2882
1070 2619
1071 2804
1071 3978
1072 2377
1072 4522
1073 3277
1074 3193
1075 2106
1076 1952
1076 2416
1077 1614
1078 1574
1078 2612
1079 2067
1079 2096
1079 3386
1080 2251
1081 1768
1081 2749
1081 3312
1082 1695
1082 2456
1082 2915
1082 3079
1083 3135
1083 3198
1083 4278
1085 2377
1085 3036
1085 3279
1086 1275
1086 4610
1087 4046
1088 3484
1088 3566
1089 1740
1089 3496
1089 4773
1090 3597
1090 3882
1091 2854
1091 3224
1092 1415
1092 1997
1092 3178
1093 3614
1095 1969
1095 3740
1096 1097
1096 1275
1096 4081
1097 1159
1097 3765
1097 4486
1097 4518
1098 2511
1098 2629
1099 2064
1099 2174
1099 4537
1100 2892
1101 1704
1101 2437
1101 3546
1101 4723
1102 1332
1102 1893
1102 2197
1102 3663
1103 1523
1103 2355
1103 3999
1103 4622
1104 2883
1104 3245
1105 4722
1107 2524
1107 4336
1107 4469
1107 4590
1108 1150
1108 2711
1108 4800
1110 1146
1110 4825
1111 1215
1113 1280
1113 1736
1114 3065
1115 1642
1116 2345
1116 2478
1118 2797
1119 1199
1119 3884
1120 1525
1120 4838
1121 3856
1121 4448
1121 4470
1122 3394
1123 1561
1123 4206
1124 4364
1125 1788
1125 2672
1125 3712
1125 4054
1126 2682
1127 3453
1127 4422
1128 4816
1129 2210
1130 1904
1130 2101
1130 2671
1130 4310
1131 2053
1131 4243
1132 1754
1133 2642
1133 2976
1134 1553
1134 1636
1135 1501
1136 2073
1136 4436
1137 3466
1137 4782
1138 1286
1138 4401
1139 4587
1140 1239
1140 1799
1140 4309
1141 2339
1142 2162
1143 2741
1143 4246
1144 1380
1144 3700
1145 1665
1145 2209
1146 4592
1146 4606
1147 1631
1147 1837
1147 3097
1147 3549
1148 1821
1148 2461
1148 4382
1149 3417
1150 2749
1151 2066
1151 2402
1152 1182
1152 1480
1153 3485
1153 4159
1155 1920
1155 2731
1155 4404
1156 1560
1156 2736
1157 2726
1157 3145
1158 2871
1159 2851
1160 2963
1162 2311
1162 2647
1162 2851
1162 3351
1163 1270
1163 3810
1164 1834
1164 1855
1164 2682
1164 4222
1165 1243
1165 2921
1165 4023
1166 3157
1167 2814
1167 3286
1167 4655
1168 4135
1169 2944
1169 4342
1170 2334
1170 2587
1171 4545
1172 2639
1173 1854
1173 2871
1174 2387
1174 3456
1175 2677
1175 4553
1176 2380
1177 1374
1179 2211
1180 2097
1180 2566
1180 4305
1181 1877
1182 2828
1182 4210
1183 1562
1183 2276
1184 1673
1185 2891
1186 1759
1187 1527
1187 1932
1188 2844
1189 1653
1189 3159
1189 3668
1190 1897
1191 1559
1192 1649
1192 4228
1193 1487
1193 1837
1194 3576
1194 4028
1195 4074
1195 4265
1196 4727
1197 4506
1198 1885
1198 4773
1199 3379
1200 2648
1201 4505
1203 2451
1203 3580
1204 3322
1204 3652
1205 2186
1205 4824
1206 1396
1206 3105
1207 2323
1208 1487
1208 3143
1209 1462
1209 2564
1210 1235
1210 1486
1211 3418
1212 4388
1213 3037
1213 3185
1213 4042
1213 4156
1214 2383
1214 3413
1215 1452
1215 2184
1215 4770
1216 1390
1216 1856
1216 4364
1217 1830
1217 2846
1218 1347
1218 3904
1219 1377
1219 1417
1219 4563
1220 2267
1222 1864
1222 3190
1222 4639
1223 1834
1223 3034
1224 3500
1224 4088
1225 1238
1225 1684
1225 2395
1226 4090
1226 4585
1226 4619
1227 4342
1228 3382
1228 4370
1229 3355
1229 4197
1229 4750
1230 3952
1231 3016
1232 3065
1232 3959
1232 4257
1233 1892
1233 3263
1233 3761
1234 1393
1235 2035
1235 4040
1237 2474
1238 2218
1239 1575
1239 1661
1239 3924
1239 4754
1240 1944
1240 4374
1241 1254
1241 1807
1242 1757
1242 2786
1242 3024
1242 3473
1242 3475
1243 2734
1243 4564
1244 1285
1245 1246
1245 3543
1246 1463
1247 1379
1247 2024
1247 3345
1247 3988
1248 4673
1249 4783
1250 2198
1252 3674
1253 1607
1253 2415
1253 3644
1254 2168
1254 3512
1254 4048
1255 2740
1256 1508
1256 3157
1257 2810
1257 3257
1258 1416
1259 2204
1259 3525
1261 3242
1261 4270
1262 2689
1262 3169
1262 3490
1263 4353
1264 2818
1264 4520
1265 2079
1265 3323
1265 4821
1266 3594
1267 1382
1267 3986
1268 2778
1268 4157
1269 2931
1270 4241
1270 4430
1271 1824
1271 2040
1271 2458
1271 4126
1271 4717
1272 1349
1272 4450
1273 4706
1274 1484
1274 1698
1274 3198
1274 3803
1275 3368
1276 1563
1276 2319
1277 1563
1277 3048
1277 4381
1278 3038
1279 4786
1280 1395
1280 4288
1282 3480
1282 4588
1283 3903
1284 2703
1284 3491
1285 3909
1285 4737
1286 2553
1286 3522
1286 3972
1287 2900
1288 2222
1288 2888
1289 3602
1290 4668
1291 4007
1292 3737
1292 4471
1293 1772
1293 2415
1293 3786
1294 1303
1294 3362
1295 1601
1295 4229
1296 2858
1296 3625
1296 3778
1296 4332
1297 3375
1298 2929
1299 1568
1299 1901
1299 4175
1300 1570
1300 2127
1300 3790
1301 3058
1301 3872
1302 1612
1302 1897
1302 2047
1303 3192
1303 3270
1303 4396
1304 3208
1304 4177
1305 2222
1305 4246
1306 1875
1307 1665
1307 2408
1307 2904
1307 4551
1308 3470
1308 3536
1309 4780
1310 1771
1310 4549
1311 3163
1311 4761
1313 1815
1313 3487
1314 3008
1314 3916
1315 4029
1316 1604
1316 2636
1316 4658
1317 3608
1317 4711
1318 2557
1318 4450
1319 3638
1320 3305
1321 1954
1321 3656
1322 2614
1322 2623
1322 4069
1323 3856
1323 3918
1323 3935
1324 3062
1324 4675
1325 1573
1325 2464
1325 2647
1326 1409
1326 4371
1326 4642
1327 2361
1327 3631
1328 2893
1328 4485
1329 1789
1329 3703
1330 1916
1330 4104
1331 1798
1331 2570
1331 4511
1333 1760
1333 3520
1334 2923
1335 2568
1335 3388
1336 2098
1336 2346
1336 4046
1337 2603
1337 2785
1337 2817
1338 1835
1339 1857
1339 4096
1340 2201
1340 3541
1340 4751
1341 2309
1341 3297
1341 3713
1341 4122
1342 4727
1343 3640
1343 4369
1344 3410
1344 4433
1345 2489
1345 3262
1346 1672
1346 3632
1347 3043
1348 2499
1348 3376
1350 1489
1352 2330
1352 2800
1353 2316
1353 3434
1353 3653
1353 3690
1353 4632
1354 3747
1355 3335
1356 3099
1356 3409
1356 4733
1357 1809
1357 3370
1358 2859
1358 4226
1360 2812
1360 3822
1361 2497
1362 1631
1362 2878
1363 2409
1363 2759
1363 3455
1363 4033
1363 4260
1364 2390
1364 4367
1365 4045
1366 1551
1367 1590
1367 3288
1367 3781
1368 3759
1368 4627
1369 1587
1370 3273
1370 4011
1370 4508
1371 1959
1371 2347
1372 2855
1373 2289
1373 3733
1375 1817
1376 1678
1376 4799
1377 4633
1378 1549
1379 3589
1380 2086
1380 2334
1380 4802
1381 3269
1381 3940
1383 1404
1384 3914
1385 2549
1386 2669
1386 3804
1387 3473
1388 2552
1389 3135
1390 1641
1390 2327
1390 3669
1391 2545
1391 3057
1392 3348
1392 3975
1393 1492
1393 1557
1394 4584
1394 4789
1396 4429
1397 1452
1397 1783
1398 2907
1398 3068
1399 2821
1399 4065
1400 3771
1400 4595
1401 2353
1401 2563
1402 2942
1402 4691
1403 1841
1403 3493
1405 2339
1405 4070
1405 4189
1406 4192
1407 1750
1407 3903
1408 1562
1408 3085
1408 3839
1409 2146
1410 1418
1411 3098
1412 3495
1412 4283
1413 2463
1414 2569
1414 2851
1414 3693
1414 4053
1415 1876
1415 1942
1415 2607
1416 2464
1416 3746
1417 2258
1417 2497
1417 4719
1418 4763
1419 2942
1419 4312
1420 2400
1421 4824
1422 1425
1422 2669
1423 2238
1423 2929
1423 3351
1424 2374
1426 2799
1428 3160
1428 3766
1428 4772
1429 2758
1429 3380
1430 1830
1431 1857
1432 1922
1432 3256
1432 4706
1433 1524
1433 2781
1433 3478
1436 2784
1437 3574
1437 4078
1437 4187
1438 1881
1438 3259
1438 4050
1439 2538
1439 4564
1440 2668
1440 3142
1441 4043
1442 3617
1442 3805
1442 4663
1442 4806
1443 1699
1443 1721
1443 2945
1444 4690
1445 1459
1446 2137
1446 2674
1446 4157
1447 1689
1447 3168
1447 4711
1449 4031
1450 4754
1451 2762
1451 3179
1451 4595
1452 2507
1453 2043
1453 4318
1455 3364
1456 3750
1457 4313
1459 2175
1459 2531
1459 3855
1460 2820
1460 3664
1460 4223
1461 2992
1461 3691
1462 1619
1463 3888
1464 1800
1464 4414
1465 2335
1465 4566
1466 4062
1467 2572
1467 4457
1468 4284
1469 3893
1469 4382
1470 2527
1470 3073
1470 4300
1471 2798
1472 1976
1473 3630
1474 3375
1475 3964
1475 4780
1476 2715
1477 2118
1477 2887
1477 3636
1477 3744
1479 3793
1479 3926
1479 4744
1480 2826
1480 4038
1480 4089
1481 2087
1481 2331
1482 3860
1482 4582
1483 2726
1483 3365
1483 4063
1484 2527
1484 2674
1485 4029
1486 1756
1487 2383
1489 3235
1491 3648
1493 3963
1494 2579
1495 3470
1495 3880
1495 4449
1496 2485
1497 4439
1498 2974
1498 3416
1498 4489
1499 2944
1500 3836
1500 4196
1501 1752
1501 1982
1502 4350
1503 3165
1504 4095
1505 3423
1505 4202
1506 4642
1508 2139
1508 2269
1508 3567
1509 3049
1509 4035
1510 2909
1510 3586
1511 1652
1511 3100
1512 2972
1513 1592
1514 4441
1515 4667
1516 2556
1516 4220
1516 4541
1517 1736
1518 4658
1519 3419
1520 2365
1520 2401
1520 3008
1520 3119
1520 3143
1520 4791
1521 2137
1521 2337
1521 3617
1521 4593
1522 4057
1523 2056
1524 3781
1525 4229
1526 2190
1526 2828
1526 4180
1526 4520
1527 2207
1527 3936
1529 1573
1529 3305
1529 3949
1529 4266
1530 2272
1530 2606
1530 4585
1531 3292
1531 3958
1532 1749
1532 2537
1533 3019
1534 3772
1534 3784
1536 2568
1536 2824
1536 3280
1536 3769
1536 4285
1537 2729
1537 4279
1538 4437
1539 4773
1539 4823
1540 2340
1540 3844
1540 4767
1541 4568
1542 2940
1543 4066
1544 2138
1545 3355
1545 3438
1545 3608
1546 3589
1547 3846
1547 3899
1548 2354
1548 2964
1549 1653
1549 1717
1549 2202
1550 1894
1550 4755
1551 4241
1552 1827
1552 2287
1552 3153
1554 2371
1554 2646
1554 4554
1555 2043
1556 2112
1556 3264
1557 2891
1558 1765
1558 4311
1558 4399
1559 1562
1559 3986
1560 2693
1560 3186
1561 2879
1561 4733
1562 3586
1563 2460
1563 2958
1565 2081
1565 2340
1565 3747
1566 3577
1567 4611
1568 2006
1568 2255
1568 2837
1569 3403
1571 2914
1571 3293
1572 2371
1572 2847
1572 4351
1574 4833
1575 1631
1575 2020
1576 4359
1577 4390
1578 2130
1578 3044
1578 4173
1578 4265
1578 4558
1579 1658
1580 3498
1580 4273
1581 3479
1582 1702
1583 3424
1584 4528
1585 2755
1585 3299
1585 3575
1585 4573
1586 4071
1589 3146
1590 3344
1591 2392
1591 3124
1592 2967
1592 4719
1593 2592
1594 2688
1594 3513
1595 2973
1595 3839
1596 2544
1596 2813
1597 2899
1599 1632
1599 1764
1599 2466
1600 1800
1600 4774
1601 3839
1602 3001
1602 3087
1603 2596
1603 4160
1604 3734
1604 4767
1605 1655
1605 2930
1605 3099
1606 2185
1606 4245
1607 2541
1607 3815
1608 4431
1610 4574
1611 2190
1611 2754
1611 4537
1612 2252
1613 2959
1613 2961
1614 4425
1615 3263
1615 4243
1615 4834
1616 3458
1617 3059
1618 3584
1618 4189
1619 2442
1619 3373
1620 3745
1620 4025
1621 1868
1621 2004
1622 4390
1623 3367
1624 3116
1625 2578
1625 3616
1626 2449
1626 3947
1627 1909
1628 2760
1628 3340
1628 4682
1628 4813
1629 2284
1629 4333
1630 4487
1631 1691
1631 1998
1631 3808
1631 4071
1633 2742
1633 3155
1634 2172
1634 2415
1634 3867
1636 1694
1636 3376
1637 3815
1638 2911
1639 2367
1639 3113
1640 4066
1641 3671
1642 3077
1643 4156
1643 4694
1644 4231
1645 3866
1646 2458
1647 1870
1647 4139
1648 4139
1649 2089
1649 2540
1650 2533
1651 2930
1651 3571
1654 2412
1654 4248
1655 4820
1656 4329
1657 3090
1657 3609
1657 4738
1658 3012
1658 3594
1659 3946
1659 3998
1660 2504
1660 3122
1660 3153
1662 1822
1663 4806
1664 3953
1666 2293
1667 2086
1667 2824
1667 3951
1668 2892
1668 2979
1669 2666
1669 3196
1669 3848
1669 4614
1670 1728
1670 3415
1671 3451
1671 3961
1672 2347
1673 4777
1674 2326
1674 3315
1677 2797
1677 4374
1678 1862
1678 1909
1678 2134
1678 2708
1678 4600
1679 1842
1679 3082
1679 3800
1681 3340
1682 1802
1682 2522
1682 4767
1683 4025
1685 3082
1686 4074
1686 4845
1687 4418
1688 2005
1688 2420
1688 4704
1689 1948
1689 4411
1690 1699
1690 2308
1693 3525
1694 2094
1694 3854
1695 2762
1696 1777
1697 1758
1698 1818
1698 4652
1699 2254
1699 3353
1700 2281
1700 2348
1700 2774
1700 2846
1700 3810
1700 4690
1702 2198
1703 4350
1704 2069
1704 2174
1704 4390
1705 3824
1706 3036
1706 3746
1707 2496
1709 3912
1710 1982
1710 3058
1711 4264
1712 4776
1713 3438
1713 4239
1714 2773
1714 3219
1715 2714
1715 3547
1715 3800
1715 4430
1717 2877
1717 2941
1717 3778
1718 3425
1720 2757
1722 3883
1722 4274
1723 2465
1724 1761
1724 3287
1725 2109
1725 2560
1725 3324
1726 2355
1726 4365
1726 4689
1727 3896
1728 2783
1729 1782
1729 2796
1730 1845
1730 3658
1730 4809
1731 3967
1732 2120
1732 2945
1733 1953
1733 3683
1734 2790
1734 3554
1735 2644
1735 2683
1735 2880
1735 3227
1737 2881
1737 3489
1737 3924
1738 2309
1738 2822
1739 2053
1739 4543
1739 4755
1740 3776
1740 4009
1741 2645
1741 3238
1742 3735
1742 4445
1743 3748
1743 3792
1743 4286
1743 4494
1744 2770
1744 3519
1745 3884
1746 1828
1747 2798
1748 2479
1748 4056
1749 3152
1749 3784
1749 4104
1750 2249
1750 3357
1750 4719
1751 3409
1752 2025
1752 2396
1753 3078
1753 3631
1754 4694
1755 3760
1755 4650
1757 3909
1758 3723
1759 2923
1760 2100
1760 3529
1761 2112
1761 2530
1761 3058
1761 4029
1762 2471
1763 2870
1767 2257
1767 2360
1767 3665
1770 3059
1771 4466
1772 3995
1772 4294
1773 2388
1773 2960
1774 1945
1774 2690
1775 3014
1776 2287
1776 4211
1776 4238
1777 1971
1777 4399
1778 3928
1779 2604
1780 4310
1781 3191
1781 4144
1782 4269
1784 3126
1785 2380
1785 4515
1786 4402
1787 2508
1789 2266
1790 4819
1792 1956
1792 2658
1793 2278
1793 2671
1793 3848
1793 4223
1795 4218
1796 1939
1797 1813
1797 2784
1799 4073
1800 2340
1800 3763
1801 2210
1801 3892
1803 4217
1803 4708
1804 2832
1804 3206
1804 3225
1805 2142
1805 3651
1806 2344
1806 3600
1808 2569
1809 2534
1809 2888
1809 3582
1810 2253
1810 3377
1811 2714
1812 2819
1813 3962
1813 4040
1814 2556
1815 2902
1815 3723
1816 2848
1816 4446
1817 2280
1817 3062
1819 3676
1819 3940
1820 3966
1821 4013
1822 1927
1823 4258
1824 2088
1824 4473
1824 4497
1825 2007
1826 3794
1826 4109
1826 4356
1827 3501
1828 3542
1829 3179
1830 2042
1831 3600
1831 4620
1832 2684
1833 2528
1833 3040
1834 2870
1835 2388
1836 1943
1836 2477
1836 2886
1836 3870
1836 4334
1837 2263
1838 1884
1838 4540
1839 2717
1839 3982
1839 4726
1840 2084
1840 2126
1841 2527
1841 2987
1841 4036
1841 4494
1842 4828
1843 2087
1844 2132
1844 2622
1844 3109
1844 3184
1844 3572
1844 4427
1845 2399
1846 2344
1846 4087
1847 3544
1847 4718
1849 2392
1849 3565
1849 4464
1850 2892
1850 3895
1850 4286
1853 4264
1854 2870
1854 3250
1854 4088
1856 4282
1858 3416
1859 3774
1859 4476
1860 3846
1861 3374
1863 4215
1864 4757
1865 3107
1866 1883
1866 3187
1866 3591
1867 3947
1868 3977
1868 4671
1869 2705
1869 3861
1870 2769
1871 3883
1872 4206
1873 4010
1873 4081
1873 4649
1874 4226
1874 4234
1875 2408
1876 2482
1877 2244
1878 3637
1878 4688
1879 2458
1879 3628
1880 3542
1881 2074
1881 2938
1881 3898
1882 2318
1884 4455
1885 2458
1886 3228
1886 4588
1887 3327
1888 2624
1888 3290
1889 3290
1890 3069
1890 4403
1891 3684
1894 3154
1894 3482
1894 3490
1895 3029
1895 3436
1896 2021
1896 3404
1896 3616
1896 3782
1897 2565
1897 4028
1898 3941
1899 4176
1901 1987
1902 4238
1903 4209
1904 4730
1905 3914
1905 4185
1906 3572
1906 3885
1907 3236
1907 4272
1908 2448
1910 3443
1910 3581
1910 3928
1911 2069
1911 2459
1911 2479
1911 2543
1911 4100
1912 3286
1912 3376
1913 2673
1913 4386
1914 3656
1915 3848
1917 3129
1917 3274
1918 2501
1918 3419
1919 3036
1919 3242
1919 3810
1920 3058
1921 2338
1921 3311
1922 2683
1922 4489
1922 4617
1923 2317
1923 3235
1923 4555
1924 3163
1925 2913
1926 2090
1926 2218
1926 3764
1928 2841
1928 3017
1928 3959
1928 4150
1929 2070
1931 4283
1932 2706
1932 3236
1933 4656
1933 4789
1934 2761
1936 4155
1937 3791
1937 4382
1938 3646
1938 3783
1939 2040
1939 3651
1940 3021
1940 3681
1941 3726
1941 4664
1942 4528
1945 2202
1945 3095
1945 4443
1946 2714
1947 3578
1947 4248
1948 3367
1948 4092
1948 4794
1949 4425
1950 4393
1951 3278
1951 4326
1952 2337
1952 4478
1953 2132
1953 2832
1953 4301
1953 4546
1954 3301
1955 2354
1956 2102
1957 2186
1957 2292
1957 3213
1957 3271
1958 3592
1958 3685
1958 4265
1958 4515
1959 2876
1960 2460
1960 3954
1960 4431
1961 2016
1961 2116
1961 2216
1961 3395
1961 4397
1961 4602
1962 2223
1963 2641
1963 4020
1963 4754
1964 2295
1967 4006
1967 4629
1968 3920
1969 2836
1969 3797
1969 4742
1970 3751
1971 2738
1971 4310
1972 3911
1973 2689
1974 3661
1975 4082
1975 4559
1976 2476
1977 3998
1978 3229
1979 2874
1980 2852
1983 4171
1984 3926
1984 4479
1984 4741
1985 2421
1985 3821
1985 4506
1986 2974
1986 4183
1987 3421
1987 4010
1989 4037
1989 4202
1991 2019
1992 3716
1992 4085
1992 4573
1993 3450
1995 2971
1996 3390
1997 3244
1997 4819
1998 3305
1999 2393
1999 4652
2001 2063
2002 2756
2002 3604
2003 2244
2003 3040
2004 2110
2004 3690
2006 4686
2007 2733
2007 3135
2008 2859
2008 3705
2009 3726
2010 3279
2011 2652
2011 4550
2012 2678
2012 2837
2013 2953
2013 3442
2013 4652
2014 4153
2016 2222
2016 2840
2016 2982
2017 4226
2018 3521
2020 2513
2021 2591
2022 3419
2023 2769
2024 2477
2024 4193
2025 2782
2025 3396
2025 3960
2026 2862
2027 2259
2028 4378
2029 2192
2029 2337
2029 4609
2030 4129
2031 3561
2032 3953
2033 2799
2034 4393
2036 2173
2036 2782
2036 2791
2037 2397
2037 4715
2038 4243
2040 2626
2040 2904
2041 3651
2041 4242
2042 2760
2042 4629
2043 4256
2044 2067
2044 2333
2045 2097
2046 3824
2047 3235
2049 2415
2050 3151
2051 3243
2051 3610
2051 3892
2051 4041
2052 3818
2052 4006
2053 2589
2054 2214
2054 4505
2055 4138
2056 2455
2056 4243
2056 4691
2057 3658
2057 4022
2058 2884
2058 3050
2059 4033
2059 4391
2061 2151
2062 3417
2063 3561
2063 3862
2064 3545
2064 4436
2064 4756
2065 3670
2066 4827
2067 3973
2068 2697
2068 4083
2069 3725
2069 4572
2071 2477
2072 3710
2072 3767
2072 4448
2073 3515
2075 4307
2076 3581
2076 3928
2076 4825
2077 2902
2077 4060
2077 4196
2078 3710
2079 3950
2080 4489
2082 2134
2083 4753
2085 2155
2085 4534
2086 2794
2087 2952
2088 2703
2088 2805
2088 3499
2089 3584
2089 4707
2090 2244
2091 2539
2091 3462
2091 4194
2092 3013
2092 3418
2092 4733
2093 4276
2095 2579
2095 3405
2096 2310
2096 2324
2097 2157
2097 2679
2097 3758
2098 2616
2098 4288
2099 3914
2100 3725
2101 4612
2101 4647
2102 2136
2103 2626
2103 4460
2104 2137
2104 3630
2105 4115
2107 2553
2107 4049
2108 2623
2111 2355
2112 3597
2112 4448
2113 4238
2113 4591
2114 2867
2115 2340
2115 4239
2116 2295
2116 4491
2118 3928
2118 4397
2119 2304
2119 4427
2120 2161
2121 2571
2121 3639
2122 4341
2123 2943
2123 3146
2123 3301
2125 2648
2125 3557
2126 2499
2126 4067
2127 4179
2128 4728
2129 3088
2129 4000
2129 4763
2131 4836
2132 2770
2133 2976
2135 2928
2136 2975
2136 3205
2136 3899
2136 4551
2137 2270
2137 3264
2137 3992
2139 2879
2139 2891
2139 2993
2141 3759
2143 3097
2143 3422
2144 3120
2145 4727
2147 2444
2147 3741
2148 2963
2148 4080
2148 4461
2150 3991
2150 4466
2151 3310
2153 3885
2153 4001
2156 3257
2157 3024
2157 3408
2158 3554
2163 3769
2164 2658
2164 4829
2165 2669
2166 4778
2167 2701
2167 4310
2168 3694
2168 3844
2169 2707
2169 2767
2170 2682
2170 3454
2171 2667
2171 3688
2172 3546
2174 2266
2174 3302
2176 4784
2177 4800
2178 2659
2178 3795
2179 2696
2180 2576
2180 3717
2181 2776
2182 3781
2183 4827
2184 3493
2185 3084
2185 4514
2186 4436
2186 4794
2187 3435
2188 2472
2188 3197
2188 3515
2188 3609
2189 3901
2191 2310
2191 4104
2192 4033
2193 2407
2194 2629
2194 3604
2195 3832
2195 3908
2196 3835
2196 4375
2197 2495
2197 3371
2197 3938
2198 2513
2198 3673
2198 4587
2200 2213
2200 4251
2201 3125
2201 4338
2202 2223
2202 4464
2203 3582
2203 4133
2203 4420
2204 3019
2206 2695
2208 2365
2208 3651
2209 2434
2209 4246
2210 2773
2211 3139
2212 2500
2212 3024
2212 4046
2213 4783
2217 3385
2218 4458
2219 2301
2219 2832
2220 4647
2220 4836
2221 2597
2221 4580
2223 2997
2223 4221
2224 3776
2224 3982
2227 2917
2227 2987
2228 2302
2228 2329
2228 3755
2229 2355
2229 4575
2231 3079
2232 2986
2233 4707
2234 3339
2235 3477
2235 3520
2236 4521
2237 3570
2237 4024
2237 4322
2237 4397
2238 4648
2239 3461
2239 3890
2240 4216
2241 3303
2242 3159
2242 3711
2243 2533
2243 3307
2244 2342
2245 4716
2247 3517
2247 3987
2248 3212
2248 3911
2250 2589
2252 3441
2253 2640
2254 2317
2254 3106
2255 3218
2256 2422
2256 3682
2257 2422
2257 3623
2258 3049
2258 3469
2258 3834
2259 4034
2260 4233
2262 3174
2263 2970
2263 3893
2263 4042
2263 4415
2264 4663
2265 4671
2266 3538
2267 2415
2267 4358
2268 4605
2272 2382
2272 4250
2273 2827
2273 3177
2274 2649
2275 3576
2275 3904
2276 3360
2276 4164
2277 2441
2277 4124
2277 4231
2277 4438
2278 2296
2278 2910
2278 3057
2279 3788
2280 2455
2280 3099
2280 3254
2282 2457
2282 3977
2282 4469
2283 2762
2285 4198
2285 4649
2286 3598
2286 4111
2289 3881
2290 3920
2291 2800
2291 3781
2292 2866
2292 4107
2293 4452
2295 2760
2295 3351
2297 3075
2298 3346
2298 4579
2299 2947
2300 2869
2300 3233
2300 3310
2300 4031
2302 3297
2303 2684
2303 4070
2304 2927
2305 3270
2305 4215
2306 2883
2306 3102
2306 3706
2306 4321
2307 3319
2309 2472
2309 2863
2309 4493
2310 2784
2312 2472
2313 4088
2313 4309
2314 2746
2314 3490
2314 4049
2315 2440
2315 3295
2316 2457
2317 2518
2320 3146
2321 2687
2321 4296
2321 4430
2322 2805
2323 3603
2323 4320
2324 3102
2325 2493
2325 3496
2328 3174
2328 3355
2328 3678
2328 4706
2329 2725
2329 4115
2332 4190
2332 4345
2333 4344
2334 2985
2334 4756
2335 3256
2336 3760
2338 2608
2340 3429
2340 4262
2341 3474
2343 2683
2343 3320
2343 3858
2345 3659
2345 4148
2347 3055
2348 2839
2349 2440
2349 4423
2350 3260
2351 2950
2352 2682
2352 2999
2354 2436
2356 3764
2357 4040
2358 2545
2359 4813
2360 4709
2361 3637
2362 3440
2362 4280
2363 4789
2364 3535
2364 3860
2364 4521
2366 3219
2366 3937
2368 3935
2369 3428
2370 2898
2370 3389
2372 3143
2372 4203
2372 4728
2373 2687
2373 3735
2373 4004
2374 3480
2374 4203
2374 4422
2375 2521
2375 2820
2375 2908
2376 2723
2377 2843
2377 2967
2377 3811
2378 2425
2378 3911
2379 3211
2379 3613
2380 3063
2381 4488
2382 3307
2382 3495
2382 3949
2382 4299
2383 3711
2383 3738
2385 4027
2387 2523
2389 2508
2390 3063
2391 2788
2391 3749
2392 2717
2394 4228
2395 4745
2396 3820
2397 3678
2397 4478
2398 3311
2400 2647
2401 3587
2402 2694
2402 4457
2402 4638
2403 3011
2404 3091
2404 3206
2404 3446
2406 3258
2408 4314
2409 3794
2410 4549
2412 2438
2413 2815
2414 2901
2414 3287
2417 3130
2417 3360
2419 2888
2419 3290
2420 4305
2421 2597
2422 4318
2422 4457
2424 3398
2424 4388
2425 3884
2426 4614
2427 2872
2427 3504
2427 4156
2427 4407
2428 4256
2430 3394
2431 4293
2432 2969
2432 4207
2432 4361
2432 4766
2433 3979
2434 2545
2435 3701
2436 3441
2439 3202
2439 3446
2439 3502
2440 2598
2443 3297
2443 3993
2444 4210
2444 4392
2445 3840
2445 4477
2446 3693
2447 3427
2448 3806
2448 4586
2449 4668
2450 4409
2451 3232
2453 3983
2455 3345
2455 4012
2457 3792
2457 3976
2458 2545
2458 4361
2459 3550
2460 3770
2460 3826
2462 3312
2463 2698
2468 2594
2469 2686
2469 3479
2470 3238
2471 3912
2471 4194
2474 2493
2475 3407
2475 4360
2476 2635
2477 3357
2479 4576
2480 3518
2481 3478
2482 4202
2482 4376
2482 4618
2483 4594
2484 2581
2484 3537
2484 4512
2485 2821
2486 4606
2487 2934
2487 3472
2487 3547
2487 3633
2487 4805
2488 3172
2490 2777
2490 3028
2491 3313
2491 4283
2492 3377
2493 4603
2494 4508
2495 3159
2498 3472
2499 3853
2500 2524
2500 2825
2500 3082
2500 4301
2501 3923
2502 2798
2502 3130
2502 3557
2503 4367
2504 3959
2505 2818
2506 4365
2509 3669
2509 4636
2510 3112
2510 4142
2512 3072
2513 3737
2514 2677
2515 4437
2516 3908
2516 4544
2517 2570
2518 3556
2520 3311
2521 3230
2523 3388
2523 3409
2524 3733
2525 2874
2526 4123
2527 4357
2528 2633
2528 3199
2529 4313
2530 4706
2535 2750
2535 3481
2535 4273
2536 3065
2537 4835
2538 3714
2538 4531
2539 4721
2540 2889
2540 3607
2541 4073
2542 4381
2544 2755
2544 3048
2544 3082
2544 3595
2544 4480
2545 4697
2546 2665
2547 3283
2548 2555
2548 4462
2549 2819
2549 4533
2550 4560
2551 3720
2552 4013
2554 4500
2554 4571
2556 4526
2559 4704
2560 3014
2560 3768
2560 4426
2561 2974
2562 4068
2562 4277
2565 4573
2568 2681
2568 3190
2570 3123
2570 3613
2574 4000
2576 4162
2576 4594
2577 3495
2578 4465
2580 2887
2581 3760
2582 3850
2583 4686
2584 3743
2584 3988
2585 3524
2586 2598
2586 2976
2586 4040
2588 4008
2589 3085
2589 3486
2589 4561
2590 4667
2591 4781
2592 3995
2593 3955
2594 3893
2595 4246
2597 3707
2598 2863
2598 3190
2599 3106
2599 3304
2599 3927
2600 2684
2600 3025
2600 3238
2601 3542
2602 3711
2603 3251
2605 3436
2606 4786
2607 3519
2608 4584
2608 4589
2609 3151
2609 3639
2611 4048
2611 4588
2612 2691
2614 2983
2615 3103
2615 4619
2617 3529
2617 4236
2617 4267
2618 3171
2618 4798
2619 4436
2620 3546
2620 4392
2621 4623
2622 4046
2623 4340
2625 3052
2627 3834
2628 3923
2630 3135
2630 3782
2632 2797
2632 3488
2633 4296
2634 2880
2637 3089
2638 3694
2639 4610
2640 3321
2642 3222
2643 2895
2643 3337
2644 4331
2647 3064
2647 4135
2648 4433
2650 4625
2651 4675
2653 3353
2654 3426
2654 3939
2654 4216
2655 3219
2655 3409
2655 4603
2657 3666
2658 4562
2658 4607
2659 2920
2660 3000
2660 4291
2661 3956
2664 4342
2664 4660
2667 4403
2668 4374
2668 4621
2668 4670
2670 2703
2670 4488
2671 3351
2671 3699
2675 3391
2675 4266
2675 4684
2676 4430
2677 3385
2678 4716
2683 4564
2684 2895
2684 3329
2685 3625
2686 3286
2686 3743
2686 4263
2688 3573
2690 3415
2690 4634
2690 4712
2692 2763
2692 3383
2693 2780
2693 4548
2694 4649
2695 3143
2696 3412
2697 3228
2698 2708
2699 2772
2699 3025
2699 3415
2700 3294
2700 3745
2701 2867
2701 4701
2702 4799
2703 3756
2704 3285
2705 4802
2706 3016
2709 3077
2709 4692
2710 4442
2711 3618
2711 3619
2712 4086
2713 3465
2714 3843
2714 4582
2716 3223
2716 4265
2716 4292
2717 4169
2717 4267
2718 4539
2719 4505
2719 4693
2720 3547
2720 3871
2722 3116
2722 4663
2723 3054
2723 3849
2724 4306
2728 4657
2730 4325
2731 3562
2731 4029
2734 3842
2734 4826
2735 3715
2736 3309
2738 4514
2738 4758
2740 2995
2740 4765
2744 4359
2745 3468
2745 3930
2746 2936
2747 3875
2748 4354
2749 3354
2749 3698
2749 4179
2750 3369
2750 4386
2751 3201
2751 4707
2753 4628
2755 3963
2756 4578
2757 3188
2757 3494
2758 3387
2759 4276
2762 3002
2762 3356
2762 4424
2764 3634
2764 3859
2765 3096
2767 3612
2767 4598
2768 3249
2768 4329
2770 4280
2770 4586
2773 3641
2774 4186
2775 3638
2776 2834
2776 4021
2777 3697
2777 4453
2779 4066
2781 2923
2781 3216
2781 3386
2783 3267
2783 4286
2785 2815
2787 4267
2789 4443
2790 4093
2792 3863
2792 3987
2793 3543
2793 4739
2794 2903
2794 3049
2795 2851
2796 4747
2797 3969
2799 3216
2799 4459
2799 4830
2800 3717
2800 4202
2800 4383
2801 2868
2801 4133
2802 3398
2803 4107
2807 3629
2807 4415
2808 3056
2811 4489
2814 4649
2817 3060
2817 4015
2820 3359
2823 2973
2823 3887
2824 3765
2825 3225
2826 4152
2828 3597
2829 3598
2831 3942
2833 3447
2833 3479
2833 3775
2833 3815
2835 4639
2836 3927
2840 3930
2841 3158
2842 4199
2847 3876
2848 4612
2849 4078
2850 3400
2850 4206
2851 4666
2853 2991
2853 4606
2853 4714
2854 2926
2855 3924
2855 4783
2856 3191
2857 2948
2859 3165
2860 4143
2861 4275
2862 4261
2862 4349
2863 3332
2863 4403
2864 4723
2865 4515
2866 4219
2867 2935
2869 3979
2870 4805
2872 3361
2872 3503
2872 4095
2872 4367
2872 4796
2873 2981
2873 4289
2874 4494
2875 3631
2876 4192
2877 2933
2878 3090
2878 3594
2879 3653
2881 3462
2883 4394
2885 3003
2885 4780
2888 4599
2889 3315
2889 4818
2890 3508
2891 4163
2893 4511
2896 3367
2896 4469
2898 3055
2900 3435
2900 4385
2901 3103
2902 3597
2902 4003
2904 3914
2905 3650
2905 4176
2906 3428
2906 4839
2911 4003
2911 4118
2911 4377
2911 4512
2911 4647
2911 4753
2913 4236
2914 4529
2916 4458
2917 4134
2918 3105
2919 3657
2920 3069
2923 3174
2924 3453
2924 3529
2926 3863
2928 3080
2928 3621
2929 3497
2929 3980
2930 4058
2931 3694
2931 4488
2936 3969
2936 4787
2937 3239
2939 4242
2940 3977
2943 4756
2944 3669
2945 3070
2946 4251
2946 4653
2947 3969
2948 3098
2949 3291
2949 4398
2950 3480
2952 4036
2953 4764
2955 4118
2957 3086
2957 3422
2961 2993
2962 3701
2963 4613
2963 4701
2964 3923
2964 3932
2964 3966
2965 4052
2966 3257
2967 3244
2967 3609
2968 3167
2968 3599
2968 4233
2970 3724
2970 4803
2971 3261
2971 4027
2972 4812
2975 3573
2975 4266
2977 4641
2978 4348
2978 4682
2980 4722
2981 3319
2981 4373
2982 3674
2986 3103
2987 3611
2988 4416
2989 2999
2989 3105
2989 3981
2990 4541
2993 3611
2995 4539
2996 4384
2997 4118
2998 4050
2998 4595
2999 3874
3000 4451
3001 3148
3001 4756
3003 3100
3004 3089
3004 3483
3005 3322
3006 3938
3006 4257
3007 3039
3008 3157
3010 3018
3011 4244
3012 3192
3013 3514
3014 4447
3015 3922
3018 3626
3019 3507
3020 4180
3021 4837
3022 3070
3022 4197
3022 4292
3023 3588
3023 4474
3026 4667
3028 3386
3029 3064
3030 4234
3031 4109
3032 4262
3033 3126
3033 3381
3033 4317
3035 4055
3036 4837
3038 3585
3038 4237
3039 3883
3040 3785
3044 4174
3044 4668
3045 3083
3047 3747
3047 3851
3047 4707
3051 4314
3051 4606
3052 3391
3054 3253
3054 3506
3054 3827
3054 4303
3055 4087
3056 4079
3056 4383
3058 3095
3060 3509
3061 3912
3065 4284
3065 4448
3066 4113
3067 4513
3067 4529
3069 3709
3070 4418
3071 4167
3072 3530
3074 4363
3074 4640
3075 3295
3076 3728
3076 4235
3081 3676
3081 3926
3083 4681
3084 4562
3085 3266
3087 4064
3090 3899
3091 3174
3093 4064
3095 4102
3096 4425
3099 3580
3101 3532
3102 4205
3103 4052
3104 3410
3104 3489
3106 3867
3107 3142
3108 3671
3108 4081
3108 4695
3109 3231
3109 3342
3109 3847
3110 3783
3110 4438
3113 3878
3114 4490
3115 3919
3116 3868
3118 3860
3120 3290
3120 4633
3121 4646
3122 4101
3126 3778
3126 4535
3128 3518
3130 3789
3131 3384
3132 3869
3132 4586
3134 3763
3134 4058
3134 4146
3134 4729
3136 3551
3137 4197
3138 4819
3141 4710
3142 3237
3144 4165
3146 3950
3146 3951
3146 4225
3147 4172
3149 4755
3150 4610
3151 3969
3151 4843
3152 4497
3152 4556
3152 4560
3152 4755
3153 3518
3154 4639
3155 3808
3156 3913
3159 4696
3161 3507
3163 3180
3163 4251
3165 4005
3166 4495
3166 4678
3168 4402
3172 4022
3173 4148
3178 3658
3178 3788
3179 3998
3180 4180
3180 4347
3183 3664
3183 4792
3185 3280
3189 3234
3189 4746
3190 3860
3191 4330
3192 4271
3193 4250
3194 3219
3194 4307
3194 4757
3196 4616
3197 4841
3202 4014
3203 4616
3204 3477
3204 3969
3204 4384
3206 3347
3207 4044
3209 4571
3210 4399
3214 3244
3216 3626
3217 4471
3218 4677
3220 4680
3222 3896
3226 3616
3229 3352
3229 4127
3234 3906
3234 4034
3235 4742
3237 3971
3238 3790
3240 4829
3242 3383
3242 3689
3243 3979
3244 3980
3244 4751
3246 3333
3247 3425
3247 4523
3247 4604
3249 4135
3250 3869
3252 3273
3255 3510
3255 4625
3255 4696
3258 4208
3259 4678
3260 4410
3262 4086
3262 4833
3263 3300
3263 4599
3265 3446
3266 3893
3266 4498
3268 4228
3269 3441
3274 3553
3277 4026
3277 4487
3278 3391
3279 3283
3279 3805
3280 3789
3280 4740
3281 4809
3283 3852
3285 4113
3287 4340
3287 4352
3294 3796
3296 4277
3301 3837
3304 3663
3308 4582
3312 3372
3312 3865
3312 3950
3312 4724
3314 4089
3316 4710
3317 4619
3318 3372
3318 3950
3318 4701
3320 3698
3320 3873
3325 3932
3326 3438
3328 3467
3328 4258
3328 4460
3328 4497
3329 3875
3329 4029
3331 3944
3334 4788
3335 4399
3336 4325
3338 3343
3341 4677
3341 4743
3347 3928
3347 4190
3348 4285
3349 4821
3350 4216
3352 3938
3355 3506
3355 3686
3355 4096
3355 4439
3355 4818
3356 4274
3358 3382
3358 4400
3361 3676
3363 4099
3365 3640
3365 4366
3366 3398
3367 3872
3367 4815
3368 4295
3370 4700
3372 4077
3375 3523
3376 4359
3377 3420
3378 3751
3381 4637
3384 4741
3390 3993
3393 3979
3397 3601
3398 3640
3399 4681
3403 3444
3406 3692
3411 3668
3412 4440
3413 3823
3413 4002
3413 4456
3415 3590
3415 4687
3416 3575
3417 4198
3418 3431
3422 3770
3423 4220
3424 3558
3424 3835
3426 3762
3427 3467
3427 4212
3428 4130
3430 3687
3433 3505
3435 4616
3436 3699
3437 3716
3439 4160
3440 4651
3442 4301
3445 3903
3445 4567
3447 4222
3448 4543
3449 3890
3450 4472
3452 3986
3454 3680
3455 4363
3456 4321
3458 3991
3459 4020
3460 4379
3462 4177
3463 3794
3464 3990
3465 4047
3466 4375
3466 4598
3469 4082
3471 3855
3474 4545
3478 4526
3482 3825
3484 3805
3485 4680
3490 4493
3490 4567
3493 3996
3493 4057
3496 4468
3498 3966
3498 4014
3501 4251
3502 3577
3502 4531
3503 4756
3505 4750
3507 4576
3508 4038
3509 4335
3511 3597
3517 4268
3518 4425
3518 4607
3520 4207
3520 4436
3521 4030
3521 4449
3521 4748
3523 4075
3526 4066
3526 4529
3528 3859
3529 3934
3529 4171
3529 4503
3531 4155
3532 3548
3532 4072
3535 4296
3535 4555
3536 3889
3536 3932
3536 3945
3538 4577
3539 4706
3543 4486
3546 3749
3546 3949
3548 3661
3551 3661
3555 4636
3559 4499
3559 4831
3562 3705
3563 4229
3563 4269
3564 4609
3567 4348
3568 3830
3569 3601
3569 3615
3569 3934
3569 4496
3569 4679
3570 4486
3572 4267
3573 4456
3579 3813
3581 4802
3583 4165
3584 3747
3585 4766
3589 3984
3593 3787
3594 4696
3597 3643
3597 4270
3600 4075
3600 4401
3604 4086
3604 4144
3606 4098
3606 4801
3608 4653
3613 4766
3614 4642
3618 4237
3618 4600
3620 4552
3622 3807
3622 4597
3624 4542
3626 4786
3627 4463
3630 4271
3630 4817
3631 3731
3633 4643
3635 3958
3638 3985
3638 4228
3641 4176
3642 4105
3644 4285
3646 4013
3646 4413
3650 3694
3650 4730
3654 4057
3655 4046
3655 4227
3656 4110
3659 4175
3659 4215
3659 4749
3662 3707
3662 4769
3672 4266
3672 4331
3673 4659
3675 4835
3677 4620
3679 3891
3679 4136
3684 4134
3684 4275
3692 3746
3693 3953
3694 4702
3695 4302
3696 4204
3697 4293
3698 4151
3698 4582
3701 3799
3701 4310
3704 3793
3704 4592
3707 4268
3708 4795
3709 4246
3709 4623
3712 3846
3712 4377
3713 4126
3714 3858
3714 4735
3715 3900
3716 4386
3718 3908
3719 3903
3719 4509
3721 4797
3722 4717
3723 4795
3726 4395
3729 4692
3730 4158
3735 4725
3736 3955
3739 4299
3740 4609
3741 4252
3742 4465
3743 4097
3743 4201
3745 4720
3746 3883
3746 4724
3747 4051
3752 3942
3753 4669
3756 3828
3757 4357
3759 3835
3761 4834
3762 4161
3763 4416
3766 4009
3766 4105
3768 3968
3768 4749
3770 4391
3771 4766
3773 4477
3775 4568
3776 4423
3777 4170
3779 4441
3780 3907
3783 4340
3783 4616
3784 4817
3787 4129
3787 4610
3793 4218
3794 4019
3798 4539
3803 4680
3804 4616
3805 4636
3808 3897
3808 4423
3809 4745
3812 4584
3816 3940
3819 4400
3822 4101
3823 4501
3829 4083
3832 4362
3833 3933
3833 4759
3834 4448
3834 4494
3835 4655
3838 3939
3840 4386
3841 4782
3845 4570
3846 4071
3853 4469
3854 4536
3857 4212
3857 4478
3858 4186
3864 4319
3864 4494
3865 4483
3867 4102
3869 4542
3871 3913
3871 4125
3873 4254
3877 3921
3878 4238
3879 4348
3880 4378
3883 4751
3886 4672
3886 4768
3886 4771
3887 4644
3890 3951
3890 4671
3891 4077
3893 4832
3894 4170
3894 4499
3896 4042
3897 4527
3898 3952
3903 4714
3904 4281
3906 4388
3907 4213
3907 4215
3907 4752
3908 4018
3908 4558
3910 4599
3913 4133
3914 4703
3915 4736
3917 4137
3919 4407
3925 4369
3926 4375
3929 3983
3933 4306
3934 4800
3936 4591
3937 4209
3939 4164
3942 4054
3942 4091
3943 4137
3944 4683
3947 4119
3948 4168
3948 4265
3948 4534
3951 4224
3951 4373
3956 4583
3957 4012
3957 4752
3959 4099
3963 4029
3964 4358
3974 4569
3974 4664
3977 4033
3977 4289
3980 4822
3988 4500
3989 4225
3989 4243
3990 4710
3992 4269
3992 4291
3994 4567
3995 4317
4004 4454
4006 4242
4009 4436
4012 4188
4015 4333
4016 4285
4017 4042
4017 4621
4018 4676
4022 4274
4024 4143
4024 4150
4033 4104
4033 4120
4034 4088
4036 4240
4039 4558
4041 4613
4043 4447
4044 4419
4045 4310
4054 4475
4055 4379
4058 4198
4058 4593
4065 4408
4066 4114
4072 4103
4073 4392
4076 4277
4079 4463
4084 4683
4085 4342
4086 4571
4087 4659
4088 4189
4088 4249
4093 4423
4098 4613
4098 4767
4098 4784
4104 4629
4107 4110
4108 4840
4109 4271
4110 4384
4111 4560
4115 4794
4116 4434
4120 4345
4123 4205
4129 4429
4129 4765
4132 4172
4136 4284
4141 4588
4145 4300
4146 4708
4147 4176
4154 4364
4158 4219
4160 4189
4182 4487
4186 4510
4192 4589
4196 4396
4197 4381
4200 4349
4202 4331
4203 4675
4210 4436
4213 4354
4217 4231
4218 4587
4224 4257
4234 4457
4236 4540
4237 4495
4243 4393
4244 4545
4245 4353
4247 4307
4250 4484
4250 4492
4273 4486
4275 4792
4277 4605
4278 4750
4285 4490
4293 4425
4297 4435
4297 4802
4299 4558
4302 4714
4305 4502
4321 4648
4323 4669
4324 4393
4332 4456
4339 4785
4342 4630
4346 4696
4350 4808
4355 4516
4357 4543
4358 4819
4373 4570
4373 4612
4374 4777
4379 4836
4380 4431
4392 4430
4396 4829
4399 4683
4402 4464
4405 4610
4407 4666
4411 4527
4413 4735
4415 4449
4417 4817
4417 4829
4428 4507
4432 4544
4437 4692
4444 4514
4459 4494
4462 4781
4467 4720
4473 4610
4474 4682
4476 4793
4487 4819
4488 4659
4511 4542
4515 4644
4525 4551
4530 4555
4544 4769
4547 4749
4557 4823
4565 4788
4573 4842
4576 4834
4581 4695
4626 4665
4626 4734
4627 4815
4635 4686
4648 4774
4653 4792
4661 4782
4674 4789
4679 4715
4684 4736
4713 4806
4730 4735
4776 4790
