0 121
0 560
1 279
1 412
2 352
3 485
3 595
4 122
4 633
4 640
5 269
6 306
6 690
7 271
8 127
8 295
8 331
8 693
9 329
9 337
10 137
10 371
10 556
10 573
10 717
10 740
10 774
11 479
11 638
12 441
12 766
13 759
14 270
15 110
15 166
15 381
15 415
16 655
17 62
17 558
17 783
18 32
18 107
18 593
19 114
19 286
20 460
20 590
21 335
21 751
22 228
22 600
22 678
23 29
24 298
25 197
25 499
25 545
25 590
25 704
26 182
26 207
26 358
27 568
27 676
28 281
28 306
29 377
29 500
29 731
30 213
30 519
30 534
30 610
30 742
31 53
31 258
31 624
31 701
32 643
32 712
32 780
33 218
33 307
33 528
34 397
34 446
34 506
34 547
35 134
35 551
35 622
36 571
36 738
37 719
37 776
38 205
38 719
39 48
39 560
39 657
39 687
40 191
40 691
41 278
41 297
41 781
42 225
42 428
42 472
43 355
43 420
44 553
45 426
46 159
46 578
47 666
48 130
48 310
48 527
48 764
49 413
50 160
50 294
51 169
51 432
51 469
52 579
52 751
53 782
54 61
54 124
54 156
55 161
55 353
55 409
55 734
56 224
56 588
56 641
57 180
57 474
57 566
57 654
58 276
59 479
59 553
60 91
60 95
60 369
60 503
60 609
60 745
60 757
61 653
62 392
62 545
63 142
63 163
63 289
63 473
63 540
63 603
64 349
65 426
65 442
65 490
65 693
66 261
67 316
67 691
68 243
68 475
68 585
68 667
69 518
69 688
69 777
70 234
70 625
71 115
71 250
71 757
72 203
72 782
73 660
74 297
74 639
75 144
75 255
76 329
76 547
77 668
78 541
78 662
79 341
79 572
80 216
80 236
80 439
81 465
81 587
82 153
83 143
83 180
83 489
84 468
84 594
84 720
85 181
85 445
85 523
86 577
87 136
87 443
88 166
89 186
89 642
90 315
90 603
91 257
91 675
92 481
92 509
92 637
92 718
93 312
94 681
94 705
95 201
95 631
96 537
96 669
97 661
98 355
98 364
99 587
100 352
101 462
101 771
102 205
102 246
103 476
103 485
104 255
104 360
105 425
106 636
107 484
107 601
108 630
109 319
109 378
109 402
109 564
109 618
110 186
110 388
110 506
110 533
110 698
111 493
112 171
112 315
112 661
112 702
113 748
114 183
114 249
114 262
114 427
116 356
117 169
117 595
118 365
119 446
119 741
120 394
121 538
122 619
123 130
124 320
124 329
125 332
125 620
126 658
127 357
127 724
128 198
128 355
128 662
129 713
131 679
132 163
133 290
133 584
133 706
134 525
135 513
135 538
136 379
136 387
136 711
137 496
138 688
139 748
140 353
141 163
141 370
141 773
142 236
142 330
143 327
144 211
144 336
144 668
145 206
146 186
146 231
146 326
146 507
147 456
147 508
147 673
148 154
148 283
148 489
148 554
148 717
149 210
149 773
150 212
151 214
151 746
152 550
153 165
153 182
153 212
154 439
155 577
156 446
157 185
157 234
158 405
158 703
159 576
159 767
160 189
161 276
161 399
162 227
162 322
163 497
163 523
164 380
165 755
166 540
166 602
167 203
167 442
167 601
167 751
168 402
168 647
169 237
169 278
170 410
171 655
172 362
172 457
172 476
172 644
173 420
173 511
173 548
174 713
175 424
176 198
177 437
178 318
178 713
178 780
179 343
179 368
179 423
179 457
179 545
180 725
182 581
183 322
183 647
183 692
184 547
184 617
185 782
187 464
187 493
187 627
188 240
189 262
189 295
189 675
190 257
190 294
190 357
190 525
191 708
191 762
192 602
192 763
193 371
193 466
193 764
193 766
194 218
194 223
194 376
194 656
195 582
195 657
195 668
195 776
196 591
196 696
197 453
199 596
200 338
200 358
201 438
201 770
202 398
202 455
202 778
203 216
204 523
204 579
206 279
206 765
207 512
208 516
208 539
209 647
209 767
210 331
211 502
214 243
214 269
214 407
215 616
216 355
216 612
217 368
217 383
217 737
218 615
218 715
219 326
220 344
220 353
220 611
220 759
221 298
221 770
222 485
223 506
224 246
226 236
226 491
227 333
228 663
229 260
229 280
229 347
230 777
232 272
232 384
233 642
234 287
234 767
235 339
236 365
236 566
237 262
237 538
237 644
238 693
239 276
240 450
240 606
240 719
241 423
241 773
242 269
242 574
243 332
244 433
244 523
245 656
246 321
246 543
246 630
247 498
247 630
247 721
248 365
248 618
249 703
249 712
250 497
251 616
251 703
252 317
252 337
252 682
253 277
253 344
253 362
253 597
254 408
254 550
254 551
254 587
255 396
255 403
255 679
256 531
256 620
257 448
259 412
260 323
260 334
260 716
261 292
261 641
262 319
263 481
263 510
264 273
265 661
265 723
266 662
267 546
268 768
269 417
269 666
270 275
270 315
270 357
270 680
271 548
271 775
272 747
273 606
274 312
275 359
276 658
276 706
278 601
279 632
280 636
281 326
281 363
282 684
283 375
283 435
284 292
285 375
285 389
286 374
286 421
286 580
286 598
288 698
288 744
290 367
291 354
291 447
291 690
292 410
292 535
292 769
293 394
293 407
293 503
293 687
295 350
295 421
295 560
296 436
296 557
296 651
297 605
297 644
298 440
298 596
299 423
299 454
300 589
300 772
301 448
302 390
302 647
303 739
303 771
304 679
304 714
305 358
305 705
306 721
307 436
307 447
308 481
309 434
309 464
311 631
311 654
312 651
312 675
312 738
313 345
313 491
313 542
313 634
314 389
314 724
317 505
318 337
319 339
319 483
320 707
321 550
321 756
324 502
324 712
324 778
325 596
325 635
326 606
326 747
326 748
327 580
328 372
328 726
329 370
330 385
331 344
333 549
338 440
338 781
339 419
339 575
340 638
340 688
341 377
341 513
342 690
343 622
346 687
347 559
347 611
348 364
349 419
349 635
350 580
350 606
350 640
350 728
351 417
351 545
351 613
352 470
352 609
352 726
353 468
353 566
355 653
356 407
356 729
357 452
357 646
357 765
358 466
360 682
361 642
362 382
362 784
363 400
366 728
367 553
367 734
368 678
369 742
370 723
371 437
371 470
372 423
372 706
373 737
374 514
374 570
375 514
376 430
377 752
378 428
378 578
378 710
378 769
379 660
380 612
380 731
381 670
383 676
383 692
383 754
384 467
386 439
387 438
388 630
389 761
390 440
390 627
391 433
392 758
393 696
394 546
395 669
399 469
399 580
400 524
400 560
400 613
401 562
404 502
404 617
406 737
407 621
407 695
408 503
408 780
409 739
411 445
412 720
413 526
413 634
414 701
415 566
415 636
416 646
417 431
418 629
419 453
419 478
421 489
422 434
424 472
424 540
425 438
425 771
427 520
428 503
428 773
429 469
429 549
429 750
431 628
433 697
435 502
436 451
440 734
441 645
442 471
442 495
442 707
443 569
444 742
445 762
446 743
448 498
448 665
449 529
449 561
449 563
450 462
450 478
451 691
452 710
453 693
455 519
458 699
459 476
459 486
460 680
460 694
461 696
463 468
465 533
465 591
470 509
472 689
473 569
477 695
478 480
478 651
479 633
480 677
481 708
482 547
483 749
485 519
486 703
487 774
488 577
490 624
490 756
491 754
492 571
494 656
495 540
495 609
495 611
495 709
499 506
501 513
501 626
502 643
503 577
503 731
504 557
505 552
509 555
510 515
510 664
511 560
513 715
514 622
515 661
516 563
516 643
517 548
519 731
520 726
521 652
521 653
521 708
522 681
523 754
526 784
527 768
530 553
530 667
531 560
532 706
536 673
537 644
539 779
540 620
540 630
540 676
543 735
544 587
545 679
547 661
548 672
549 571
550 557
550 770
551 722
555 662
555 691
556 691
557 586
562 600
562 729
564 634
564 762
565 613
565 614
566 694
567 696
567 744
570 573
570 591
573 644
574 624
575 607
576 591
577 718
580 671
583 757
584 727
586 625
587 608
589 629
590 688
592 704
592 753
593 727
595 598
595 611
598 663
599 600
599 673
600 743
604 695
605 650
606 669
607 734
609 741
613 698
617 770
622 665
622 737
623 681
630 700
632 736
635 687
635 699
635 707
638 710
642 654
644 686
644 741
645 694
646 765
648 665
649 753
650 668
651 750
652 732
654 674
655 737
655 744
659 703
664 707
664 709
664 758
668 685
673 680
673 752
676 706
678 781
683 771
684 758
687 765
694 745
710 760
710 779
721 730
733 747
739 758
745 758
770 772
