0 983
0 1401
1 300
1 1535
2 24
2 778
2 1630
3 1022
3 1499
3 1513
3 1567
4 133
4 196
5 388
5 627
5 731
5 1050
6 580
7 104
7 218
7 899
7 945
8 48
8 1241
9 1277
9 1405
10 161
10 914
10 1063
11 985
12 306
12 547
12 1455
13 1019
13 1206
14 208
14 342
14 750
14 1082
15 510
15 1154
16 1515
17 20
17 154
17 625
18 632
18 907
18 1513
19 191
19 662
19 1239
19 1257
20 282
20 735
20 979
21 1256
22 407
22 526
22 661
22 758
22 955
23 860
23 1080
24 290
24 1434
25 784
26 115
26 123
26 229
26 1057
26 1115
27 212
27 1282
27 1463
28 270
28 325
29 766
29 922
29 1064
30 67
30 287
30 343
31 215
31 338
31 441
31 1142
32 825
32 1416
33 194
33 568
33 880
33 1163
34 613
34 769
35 127
35 930
35 1506
36 507
36 528
37 136
37 221
37 388
37 456
37 788
37 1157
37 1615
38 388
38 401
39 468
39 642
39 1089
39 1243
40 487
40 1094
40 1493
41 230
41 425
41 678
41 1355
42 814
42 1096
42 1364
43 346
43 742
43 792
43 834
43 1056
43 1620
44 741
44 1035
44 1482
45 661
45 987
46 295
46 353
46 591
46 806
46 996
46 1013
47 638
48 566
48 567
48 696
48 1461
49 620
49 821
50 260
50 335
50 516
51 177
51 323
52 88
52 1144
52 1331
53 350
53 451
53 1457
54 666
54 1544
55 1006
55 1324
56 996
57 1259
57 1366
58 103
59 392
59 670
60 280
60 488
61 545
62 674
63 725
63 1046
63 1490
64 736
65 987
65 1121
66 363
66 382
66 435
67 1409
67 1518
68 526
68 537
69 551
69 803
69 930
70 587
71 1009
71 1226
72 145
72 889
72 1041
73 480
73 1314
73 1416
74 696
74 981
74 1083
74 1443
75 158
75 872
75 1489
76 151
76 205
76 874
76 909
76 1057
77 357
78 865
78 979
79 273
79 970
80 233
80 438
81 162
81 1152
81 1539
81 1598
82 137
82 333
82 1071
83 234
83 503
84 241
84 1015
85 1059
85 1180
86 1546
87 236
87 1200
88 574
88 587
89 873
89 976
89 1071
89 1320
89 1573
90 814
90 1121
91 999
91 1165
91 1236
91 1333
91 1433
92 1155
93 584
93 843
94 671
95 427
96 902
96 1303
96 1374
96 1528
97 298
97 392
97 1481
98 227
98 1218
98 1474
98 1494
99 1040
99 1411
100 235
100 974
101 1057
101 1388
102 1547
103 513
104 177
104 590
105 383
105 1365
106 567
106 631
106 1601
107 980
108 613
108 1316
109 345
109 374
109 878
109 1555
110 298
111 935
111 1003
111 1039
111 1415
112 125
112 646
112 1254
113 231
113 1498
114 953
115 1151
115 1254
116 333
116 1207
117 612
117 1393
118 725
119 161
119 1157
119 1309
119 1364
119 1462
120 309
120 1265
121 818
121 1010
121 1074
122 1562
123 204
124 658
124 1330
125 207
126 346
126 484
126 1521
128 571
128 1054
128 1524
129 349
130 549
130 1229
131 140
131 1037
131 1205
131 1590
132 627
133 285
133 1374
134 627
134 904
134 1250
135 546
135 562
136 773
136 1455
136 1522
137 403
138 339
139 1059
139 1104
141 715
142 154
142 1116
142 1269
142 1480
143 1376
144 468
144 1455
145 414
145 946
145 1427
146 860
146 1297
146 1419
146 1489
147 239
147 1457
148 534
148 650
148 736
149 453
149 1101
149 1520
150 427
150 918
152 497
152 1163
153 455
154 1376
154 1403
155 163
155 478
156 541
156 1061
156 1299
157 731
157 1009
158 835
158 1451
159 410
160 444
160 733
160 975
161 963
161 1607
163 240
163 444
163 1155
164 203
164 330
164 939
165 293
165 414
165 977
166 250
166 678
166 759
166 1291
167 831
167 1039
167 1403
168 428
169 289
169 302
170 905
171 390
171 604
171 1366
172 855
172 1040
172 1128
172 1171
172 1372
172 1421
172 1580
173 628
173 865
173 1128
173 1189
174 245
174 1306
175 514
175 877
175 1294
175 1593
176 1250
178 1432
179 184
179 277
180 577
180 720
181 444
181 537
181 1062
181 1519
182 663
182 743
183 1475
183 1519
183 1610
184 331
184 1472
185 424
185 553
185 891
185 1035
185 1538
186 249
186 1578
187 1296
188 1051
189 549
189 683
189 961
189 1083
190 764
191 256
191 862
192 1302
193 894
194 402
194 886
195 265
195 395
195 1608
196 799
196 1302
197 1354
198 1000
198 1114
198 1321
199 343
199 704
199 1421
200 380
200 777
201 238
202 643
202 724
202 851
202 1323
203 431
205 465
205 558
205 1234
206 279
206 1116
207 794
208 1039
208 1235
209 1524
210 543
210 622
210 645
210 944
211 1131
211 1492
212 292
212 624
213 496
213 970
213 1397
213 1464
214 1324
214 1613
216 402
216 1082
216 1203
216 1253
217 687
218 221
218 1331
219 283
219 628
219 1225
219 1357
220 519
220 1052
221 543
222 309
222 1264
223 357
223 1626
224 775
224 908
224 1272
224 1527
225 1067
225 1302
225 1364
226 717
226 729
226 1470
228 249
228 1332
229 282
229 1320
229 1441
230 466
230 527
230 1509
231 666
231 1474
232 842
232 1049
233 555
234 711
236 347
236 1178
237 426
237 619
237 700
237 1594
238 600
238 1414
239 893
240 976
241 931
241 1330
241 1533
242 742
242 1189
243 579
243 652
244 1385
244 1532
245 1592
246 1347
247 1579
248 440
248 622
248 970
249 592
250 1570
251 365
251 530
252 571
252 1450
252 1547
253 497
253 856
253 1026
254 659
255 813
255 1199
256 458
256 484
256 718
256 829
257 869
258 543
258 1397
259 588
259 888
259 1006
260 1557
261 1243
262 817
262 1305
263 539
263 744
263 1049
263 1270
264 361
264 800
264 929
264 1307
266 1542
266 1631
267 1203
267 1362
268 485
268 536
268 1295
268 1547
268 1584
269 1627
270 562
271 1490
272 1238
274 376
274 1051
274 1632
275 777
275 866
275 877
275 1558
276 1235
277 1018
278 1226
279 502
279 580
279 995
281 300
281 764
282 431
282 878
283 1023
283 1225
284 458
284 1541
286 1583
287 1587
288 552
288 937
288 1091
289 1025
289 1587
291 796
292 1059
292 1521
293 1287
293 1380
294 475
294 1115
294 1269
295 831
296 463
296 1319
297 1598
298 616
298 760
299 1045
299 1127
299 1255
300 1292
300 1325
301 1584
303 373
303 438
304 417
304 1241
305 591
305 618
305 869
305 1004
305 1487
306 371
307 763
307 1542
308 343
308 1278
309 1047
310 916
310 932
310 1572
311 673
311 1003
311 1368
312 352
312 779
313 1417
314 605
315 1082
315 1106
316 509
316 1109
317 424
317 472
318 486
318 754
318 784
319 1093
319 1577
320 680
321 322
321 492
321 626
321 716
321 751
321 887
322 1111
322 1459
323 982
323 1437
323 1546
324 378
324 1374
325 1034
325 1196
326 714
327 1102
327 1439
328 706
328 713
328 861
328 1619
329 1163
330 348
330 525
330 859
330 1401
330 1572
331 1260
332 1044
332 1180
333 1379
333 1549
334 566
334 698
334 829
335 774
335 985
335 1149
335 1221
335 1250
335 1501
336 649
336 907
337 934
337 994
337 1258
337 1572
338 401
338 1169
339 486
339 1283
340 697
340 743
340 838
340 1407
341 1026
341 1208
342 379
342 631
342 1119
343 888
344 1233
348 756
348 1144
349 1303
351 809
351 1367
354 472
355 812
355 1389
355 1396
356 1507
357 490
358 743
358 894
359 1394
360 477
360 1014
360 1222
361 513
361 910
362 982
363 470
364 368
364 900
364 1496
366 864
366 1075
367 660
367 1169
367 1438
367 1542
367 1545
369 394
369 415
369 539
369 1456
369 1599
370 716
370 1169
371 817
371 896
371 945
371 1254
372 408
372 942
372 1245
372 1296
374 990
375 787
375 811
377 1453
378 600
379 659
379 1241
380 1559
381 992
381 1144
382 465
382 1398
383 1393
384 744
385 721
385 1092
385 1147
385 1537
386 624
386 1186
386 1401
387 668
388 1089
388 1247
388 1405
389 933
389 1608
390 403
391 1593
392 847
392 1011
393 703
394 412
394 566
394 977
395 1184
395 1191
395 1205
396 433
396 899
397 676
397 701
397 1306
398 412
398 1384
399 1386
399 1439
400 1195
400 1361
400 1475
401 1430
403 1622
404 740
404 777
405 647
405 933
405 1101
406 682
406 1005
406 1617
407 1008
409 612
409 692
409 857
409 1015
409 1201
409 1626
410 901
410 1446
411 1056
411 1352
412 1502
413 438
413 636
413 1239
413 1449
416 631
416 1007
416 1564
418 798
419 1214
419 1304
420 667
421 1093
422 423
422 508
422 1114
423 1510
425 671
428 1274
429 728
429 1187
430 1515
432 1269
432 1403
433 860
434 476
434 1235
435 933
436 488
436 534
436 1060
437 670
437 785
437 868
438 629
439 886
439 1526
440 1294
440 1477
441 904
441 985
442 986
443 615
443 1176
444 1309
445 1081
445 1234
446 987
446 1040
447 1046
448 1023
449 966
449 1499
449 1524
450 1266
450 1420
451 842
452 1118
452 1561
453 588
454 514
454 1449
455 701
455 984
456 473
456 1329
457 853
457 1332
458 1241
459 697
460 515
460 578
460 1346
461 481
462 581
462 717
462 1081
462 1638
464 626
464 688
464 1026
467 924
467 1202
468 677
468 1252
468 1281
469 1596
470 731
470 1036
471 687
472 878
472 1115
472 1352
473 501
473 1543
473 1569
474 577
475 890
475 1415
476 491
476 793
476 1275
476 1349
476 1379
476 1500
477 533
478 893
479 770
481 572
481 620
481 1272
481 1529
481 1589
481 1613
482 721
482 1527
482 1591
483 628
483 934
484 540
484 1511
485 558
485 665
485 1494
486 1560
487 1215
488 752
489 586
489 1471
490 704
490 1319
491 1550
492 778
492 794
493 509
493 620
494 685
494 1415
495 670
495 961
496 557
496 589
496 669
498 1078
498 1187
499 807
499 1344
499 1498
500 511
500 663
501 1113
501 1350
501 1395
502 1106
502 1160
503 985
503 1109
503 1276
504 1286
504 1483
505 622
506 1171
506 1439
507 941
508 583
508 1066
511 1457
512 1566
513 1368
514 609
514 1390
515 870
515 958
515 1097
516 1099
517 1235
518 594
518 668
519 627
520 644
520 721
520 943
520 1543
521 994
522 767
523 725
523 737
524 1023
525 615
526 558
527 1196
527 1570
528 1392
529 1426
530 678
531 648
531 978
531 1211
532 1202
534 1400
535 944
535 1095
535 1263
537 585
538 638
539 981
539 1087
540 895
540 1417
541 1426
541 1464
542 706
542 1039
543 1070
543 1587
544 925
544 1084
545 734
545 1407
546 744
546 1456
548 913
549 764
550 566
550 1048
551 1107
552 633
552 717
553 745
554 852
554 920
554 1189
555 1618
556 686
556 1086
556 1617
557 568
558 1237
559 1174
559 1414
560 1462
561 653
561 684
561 876
561 1575
562 570
562 720
562 1172
562 1496
563 767
563 1037
563 1275
563 1307
564 663
564 1103
564 1423
565 571
566 1088
567 871
567 1527
568 1153
568 1488
569 1521
570 671
570 710
570 888
570 954
570 1053
570 1162
571 702
571 1231
572 671
572 1497
573 605
573 1532
575 1393
576 1076
576 1354
580 601
581 1194
582 686
582 1447
583 1170
586 764
586 790
587 776
588 996
588 1156
589 1306
589 1423
590 890
591 691
591 777
591 939
593 714
594 874
594 932
595 1182
596 907
596 1255
596 1333
597 618
598 710
598 1448
599 1042
601 1306
602 613
602 898
603 1102
604 1050
605 705
605 858
605 1339
606 1407
607 1506
608 951
608 1229
608 1359
609 745
610 1333
611 1013
612 1516
613 884
614 624
614 989
614 1375
617 1231
618 1538
619 1192
620 792
621 1013
623 730
623 1317
623 1347
625 980
626 893
626 953
626 1002
627 950
628 859
628 956
628 959
628 1216
629 857
630 1521
631 1312
632 967
632 1280
632 1465
633 828
633 1122
634 833
634 1173
635 705
635 1017
636 702
637 1021
637 1509
637 1534
637 1616
638 792
639 1109
640 778
640 1625
641 652
641 926
643 1178
643 1258
644 727
644 1006
644 1144
644 1329
645 1182
645 1589
646 843
646 1512
647 1311
647 1497
648 788
649 660
650 1517
651 1121
652 1209
652 1358
653 913
654 1451
655 1334
656 999
656 1480
656 1609
657 812
657 1138
658 728
658 1632
659 1561
660 786
660 1238
661 1265
661 1456
663 1368
664 828
665 1129
666 732
666 834
666 1288
667 1399
668 704
668 1219
668 1350
670 1543
671 828
671 1624
672 731
672 1348
673 1259
673 1399
674 815
675 926
677 1308
677 1568
677 1619
678 779
678 963
679 893
680 899
680 1326
681 1138
681 1310
681 1638
683 755
683 1101
684 860
684 1457
685 1345
686 1127
686 1400
686 1494
687 1206
689 1359
689 1377
690 753
691 919
692 884
693 715
693 1232
694 1310
694 1561
695 1087
695 1267
696 1278
696 1284
696 1486
696 1621
697 1270
697 1318
699 1587
700 1070
702 735
703 1129
703 1556
704 1001
704 1458
704 1560
705 1239
705 1300
705 1454
706 1475
707 777
708 1236
709 1249
709 1347
710 980
710 1032
710 1535
711 1540
712 736
712 1531
713 836
713 1146
714 1605
714 1625
715 717
716 1122
717 1200
718 1454
719 1247
721 974
722 1056
722 1240
722 1619
723 1194
724 1592
726 761
726 1438
727 1484
729 918
730 1210
732 1166
732 1557
733 756
733 987
733 1565
735 738
735 1252
735 1270
735 1498
735 1600
736 1623
738 1603
739 896
739 1315
739 1327
740 1086
741 1093
743 1133
743 1199
743 1398
744 819
745 1018
745 1406
745 1536
746 848
746 952
746 1260
746 1579
747 979
747 1029
747 1087
748 1438
749 1563
753 1559
754 1485
755 933
755 1034
756 1079
756 1135
756 1548
757 1146
757 1586
758 1504
759 840
759 1363
760 1080
762 1040
763 1638
764 1265
765 1154
767 1468
768 886
769 1048
769 1482
770 957
770 1055
770 1603
771 847
772 899
772 1362
772 1469
774 800
774 857
778 1576
779 1434
780 1262
781 922
781 1013
782 1547
783 1043
785 885
785 1038
786 822
786 847
786 1006
786 1378
786 1381
787 1198
787 1435
788 1363
789 1379
789 1604
790 868
791 829
791 1396
793 1152
794 1131
794 1515
795 1079
795 1149
795 1337
796 1539
797 1039
797 1352
798 1161
798 1443
799 1011
800 833
801 1132
801 1385
802 1319
804 1192
804 1457
805 1321
806 1218
807 1086
808 870
808 1073
808 1335
810 1124
810 1503
812 1310
813 1143
813 1163
814 942
815 1398
815 1580
816 1110
818 1023
819 1184
819 1291
820 898
820 1351
821 847
821 1336
822 944
823 1182
823 1376
824 960
826 1178
826 1246
827 1452
827 1488
829 858
830 1200
830 1338
831 1441
832 1160
832 1603
833 1021
833 1552
834 1313
837 1391
837 1536
838 1337
839 922
839 1478
840 1175
841 1176
842 1056
843 1245
844 1219
845 1497
846 1078
847 1016
847 1178
849 1323
850 1128
850 1477
851 1340
851 1545
852 1464
853 1233
853 1542
854 1198
855 1531
856 929
856 938
857 971
857 1135
858 962
858 1036
858 1473
859 1152
860 1406
861 976
863 1143
864 1317
864 1418
867 1617
868 1204
871 1205
871 1442
872 897
872 1131
873 1257
875 1504
876 963
876 1529
877 917
877 1194
877 1262
879 1062
880 1384
881 1375
882 1030
882 1370
883 1161
883 1447
884 886
885 1122
885 1228
885 1497
886 1239
888 1103
888 1317
890 1134
891 1533
892 1505
893 1054
894 1569
897 1025
897 1318
897 1470
899 1006
900 1449
901 1628
903 1523
903 1544
904 1110
905 979
905 1092
906 1554
909 973
909 1167
910 972
910 1440
910 1621
911 1199
912 1081
912 1449
912 1510
913 1422
915 1209
915 1592
917 1390
918 1403
921 1207
922 1562
923 1139
924 943
925 955
927 1085
927 1383
928 1028
929 947
930 1071
933 1373
933 1384
933 1433
934 1597
936 1203
936 1446
938 1213
938 1486
940 1036
941 1540
942 985
943 1290
944 1360
947 1333
948 1023
948 1341
949 1153
950 1319
952 998
952 1441
953 1028
953 1111
953 1448
955 1085
956 1071
960 1081
960 1150
962 1220
963 1243
964 1274
964 1410
965 1549
967 1213
968 1103
968 1486
968 1589
969 1081
971 1046
972 1537
973 1303
973 1603
974 1203
975 1487
976 1043
976 1104
977 1043
977 1251
979 1403
980 1375
981 1425
982 1543
983 1009
983 1565
985 1601
986 1081
987 1425
987 1532
988 1350
989 1485
989 1560
990 1226
990 1426
991 1186
993 1080
995 1340
997 1199
998 1221
998 1268
999 1492
999 1607
1001 1049
1005 1355
1005 1616
1008 1309
1010 1208
1011 1144
1012 1355
1012 1470
1014 1493
1015 1352
1016 1200
1019 1027
1020 1180
1022 1158
1024 1125
1024 1524
1025 1487
1026 1532
1026 1543
1029 1190
1029 1612
1030 1216
1031 1109
1031 1265
1033 1036
1033 1115
1033 1483
1034 1475
1034 1478
1037 1039
1039 1613
1040 1077
1040 1365
1041 1637
1042 1400
1042 1553
1043 1188
1046 1223
1049 1164
1050 1476
1052 1425
1053 1081
1054 1501
1055 1183
1058 1201
1060 1477
1063 1594
1065 1526
1066 1342
1066 1565
1067 1120
1068 1421
1068 1574
1069 1179
1072 1114
1073 1345
1078 1599
1078 1621
1079 1551
1082 1112
1083 1598
1084 1088
1084 1590
1085 1242
1085 1505
1086 1371
1087 1165
1088 1098
1089 1455
1090 1319
1091 1387
1093 1597
1099 1155
1099 1451
1099 1554
1100 1365
1100 1517
1101 1575
1103 1521
1104 1288
1104 1332
1105 1523
1106 1369
1107 1315
1107 1388
1108 1184
1109 1618
1112 1217
1113 1397
1115 1198
1116 1438
1117 1222
1117 1424
1119 1285
1121 1303
1121 1354
1122 1626
1123 1128
1123 1339
1123 1356
1125 1298
1126 1531
1126 1567
1128 1560
1130 1250
1130 1610
1132 1636
1134 1297
1135 1562
1136 1333
1137 1260
1137 1289
1138 1367
1139 1324
1140 1335
1141 1201
1143 1500
1145 1437
1146 1621
1147 1329
1148 1417
1150 1543
1151 1458
1152 1254
1153 1281
1154 1521
1155 1626
1157 1486
1159 1288
1160 1165
1161 1301
1164 1351
1165 1286
1165 1606
1166 1365
1168 1637
1170 1594
1170 1634
1172 1289
1174 1359
1174 1577
1175 1492
1176 1273
1177 1239
1178 1630
1179 1262
1179 1381
1180 1502
1181 1511
1182 1335
1182 1422
1183 1290
1183 1432
1183 1556
1184 1209
1184 1576
1185 1267
1186 1582
1187 1266
1187 1508
1188 1333
1188 1440
1189 1436
1191 1206
1193 1258
1193 1544
1193 1610
1194 1472
1197 1374
1198 1227
1200 1227
1200 1441
1200 1520
1202 1427
1204 1415
1206 1308
1207 1216
1208 1309
1211 1635
1212 1489
1214 1521
1216 1631
1219 1281
1220 1373
1221 1588
1222 1240
1224 1389
1226 1477
1226 1509
1229 1262
1230 1338
1234 1455
1239 1525
1240 1634
1241 1575
1244 1529
1245 1358
1246 1530
1248 1407
1249 1315
1250 1322
1250 1359
1251 1549
1256 1278
1258 1429
1258 1484
1259 1551
1261 1410
1263 1349
1263 1412
1264 1325
1264 1416
1265 1269
1267 1595
1271 1450
1273 1279
1273 1624
1277 1322
1279 1583
1281 1431
1281 1448
1284 1386
1285 1472
1289 1506
1292 1508
1293 1322
1295 1592
1304 1419
1306 1359
1308 1604
1312 1394
1318 1353
1318 1571
1319 1332
1324 1564
1326 1361
1326 1465
1327 1422
1328 1588
1330 1342
1330 1371
1330 1443
1330 1445
1333 1502
1333 1555
1334 1366
1343 1611
1345 1428
1350 1614
1350 1616
1354 1537
1354 1580
1358 1495
1361 1633
1363 1457
1367 1403
1367 1634
1368 1638
1370 1569
1372 1411
1374 1472
1376 1436
1378 1467
1379 1627
1381 1453
1382 1472
1383 1497
1384 1525
1386 1593
1390 1408
1396 1476
1396 1551
1398 1471
1400 1503
1402 1577
1404 1619
1408 1422
1410 1600
1411 1460
1413 1461
1414 1458
1424 1447
1430 1466
1432 1542
1433 1605
1444 1556
1459 1602
1467 1470
1474 1583
1479 1575
1480 1611
1482 1566
1483 1516
1483 1525
1485 1521
1491 1628
1507 1516
1511 1629
1514 1581
1543 1589
1548 1581
1559 1562
1563 1605
1580 1591
1585 1594
1596 1637
1597 1624
1601 1620
1605 1619
1615 1627
