0 5858
0 6449
0 6895
1 200
1 3198
1 6341
2 2363
2 5936
3 1254
3 3763
3 5419
4 3183
4 6618
5 3744
5 6287
6 993
6 4439
7 502
7 5296
8 6885
9 260
9 3835
9 4353
9 5509
10 5510
11 863
11 4544
11 6423
12 1452
12 5522
13 2133
13 2143
13 5379
14 1095
14 3602
15 868
15 4814
16 3963
17 1447
18 1451
18 2840
18 4122
19 458
19 4823
20 1175
20 6850
21 3807
21 3963
22 6479
22 6858
23 594
23 650
24 2540
24 3098
24 4220
25 1993
25 5172
25 5877
25 6692
26 324
27 2374
27 3831
28 3835
29 4225
29 5484
29 6278
30 5236
31 220
31 637
31 5003
32 920
32 3680
33 1131
33 3532
33 5334
33 5653
34 3532
35 3148
35 4017
36 1807
36 2005
36 3534
36 5923
36 7145
37 1938
38 3629
38 5117
38 6531
39 57
39 2387
39 4965
39 6546
40 1066
40 2024
40 2993
40 3262
40 4868
40 6665
41 5450
42 1499
42 5623
42 6713
42 6950
43 2663
44 2367
45 6715
46 2972
46 4591
47 793
47 4472
47 5793
48 219
48 1568
48 1918
48 2764
48 3628
48 4053
48 6105
49 1062
49 2223
50 5996
50 6121
51 2288
51 4484
51 6889
52 1047
52 1621
53 183
53 1428
54 3447
54 6121
55 3892
55 4259
55 6943
56 2405
56 2870
56 2933
57 470
57 5996
58 1633
58 2474
58 4939
58 5890
59 3122
59 3689
59 5104
59 6061
60 3136
60 5485
60 6158
61 4550
62 4102
62 4388
63 1664
63 5388
63 5413
63 6958
64 5876
65 6700
66 1324
66 5104
66 6078
67 2635
67 4496
67 4841
68 1822
68 5368
69 2472
69 3120
70 4226
70 4616
70 6501
71 4896
71 6144
72 4668
72 6361
73 270
73 4153
74 925
74 5868
75 1392
75 2906
76 6468
77 2488
77 6736
78 1682
78 1997
78 7119
79 954
79 1491
80 1752
80 4120
80 5553
81 120
81 5100
82 4867
83 547
83 2984
83 4303
83 4840
84 4063
85 6045
85 6399
85 6540
86 2801
86 6016
86 6162
87 1557
87 2122
87 3495
88 5970
89 133
89 643
89 1611
89 3838
89 3872
90 1846
90 3207
91 975
91 4313
92 1167
93 1053
93 2588
93 3275
93 4334
94 2092
94 3376
94 4526
95 4482
96 1258
96 3809
96 3813
96 4577
96 5269
97 3163
98 4051
98 5265
98 6052
99 4152
100 559
100 1839
100 6760
101 387
101 3213
102 3762
102 4164
103 2013
104 2937
104 3003
104 4733
104 6155
104 7135
105 370
105 2707
105 3209
105 3494
105 3575
106 2166
106 5677
107 2733
107 3864
108 2174
108 2612
108 4811
109 7114
110 3015
110 4931
111 3687
112 2729
112 4628
113 3486
113 4144
113 4453
113 5429
113 6349
114 1944
115 2971
116 1375
116 1509
116 2637
116 5268
117 4344
117 6444
117 6821
118 3469
118 4229
118 5074
119 1827
119 6848
120 925
120 6069
120 6991
121 2352
121 2593
121 3939
121 4967
121 6846
122 708
122 4114
123 1343
123 2969
123 6598
124 809
124 6907
125 3882
126 3167
126 3629
126 6028
127 752
127 1304
127 2201
128 3463
128 4961
129 1992
129 2628
129 6328
130 3511
130 4927
130 5102
130 6123
130 6404
131 1732
131 6438
131 6992
132 2751
132 3480
133 1068
133 1216
133 2864
134 254
134 950
134 6212
135 1953
135 6841
136 2692
137 1692
137 1792
137 4941
138 696
138 1325
138 2033
138 3459
138 4934
139 599
139 6490
140 6667
141 1650
141 2511
141 5186
142 1989
142 3018
142 4928
143 775
143 1704
143 3095
143 5381
144 614
144 716
145 1739
145 5644
146 1923
146 2372
146 6481
147 209
148 3019
148 3036
148 5146
149 2002
149 6077
150 1142
150 3377
151 2268
151 2700
152 765
152 2996
153 1370
153 5266
154 2417
154 2487
154 3446
154 5906
154 6670
155 2156
155 2275
155 3545
155 6759
156 1526
156 2926
156 3495
157 4417
158 4875
159 2931
160 2093
160 6838
161 3752
161 4047
162 1038
162 2162
163 718
164 1519
164 2215
164 2933
165 4792
165 6169
166 2528
166 4490
167 3825
167 5656
167 6308
167 6998
168 3147
168 3198
168 6100
168 6558
169 495
169 529
169 2334
169 2846
169 3252
169 6880
170 1521
171 2019
171 3541
172 5836
173 3569
173 5327
174 2343
174 4909
175 4459
175 6201
176 3688
176 7156
177 7038
178 2044
178 2945
178 5512
179 1401
179 2759
180 3160
180 3452
181 1666
181 5323
182 983
182 1299
182 2104
182 3218
183 1665
183 5608
184 1211
184 3293
185 4501
186 5135
186 5888
187 2958
188 5149
188 5798
188 6724
189 1228
189 3915
189 5131
189 7124
190 3943
190 4269
191 529
191 5015
192 1953
192 6439
193 4570
194 2037
194 2681
194 5290
195 3650
196 741
196 2689
197 556
198 2163
199 1759
199 4129
199 5923
201 823
201 3127
202 487
203 747
204 1462
204 4027
204 5908
204 6605
205 5408
206 1136
206 1835
206 6691
207 1290
208 2112
208 2413
208 2796
209 4036
209 4581
210 521
210 1949
210 3440
210 6572
211 3180
211 3348
211 3365
211 6936
212 2461
212 3828
212 4193
213 1250
213 2612
213 3681
213 5552
214 2691
215 1235
215 2605
216 4991
216 6299
217 5805
217 6551
218 5100
218 5144
218 5265
219 4435
220 3375
220 4307
220 6399
221 4591
222 1244
222 2167
222 3444
222 4838
223 1913
223 4175
224 427
224 1585
224 3021
224 5046
225 263
225 4748
225 4950
226 4230
227 4427
228 373
229 1230
229 3884
229 4503
230 6800
231 4272
231 5573
232 6316
233 3464
233 6266
234 1937
234 3978
234 4506
234 5164
235 3251
236 4784
236 5961
237 3220
238 3659
238 4186
238 4933
238 5851
238 6415
238 7125
239 647
239 1169
239 2716
239 6961
240 884
240 1249
240 6396
241 4434
241 6743
241 7182
242 2749
242 4680
242 6787
243 6753
244 5176
244 5340
245 5251
245 5942
246 4132
246 4783
246 4802
246 4955
247 271
248 1470
248 3041
249 510
249 735
250 1851
251 6652
252 1156
252 1842
252 4242
252 6515
253 3495
253 5787
254 2719
254 3075
254 6900
255 6135
256 4713
256 5895
257 7105
258 2715
258 5365
259 670
259 3322
261 2286
261 2293
261 6916
262 622
263 282
263 1528
264 3566
264 4832
265 4095
265 4576
265 6033
266 1922
266 2577
266 2766
266 7064
267 2338
267 5199
268 3325
268 4229
269 284
269 2515
269 2671
269 3683
270 2519
270 3767
271 2977
271 5073
272 3209
272 5559
273 2841
274 6497
274 6713
275 522
275 2953
276 947
276 1209
276 4736
277 307
277 4752
278 1014
279 4766
279 5184
279 6107
280 1733
280 4034
281 286
281 4956
281 6490
282 629
282 1848
282 6626
283 2713
284 6322
285 1240
285 5206
286 4971
287 2918
288 1357
288 2639
288 3058
288 6285
289 1662
290 1265
290 1301
290 1641
291 595
291 5440
291 6982
292 3536
292 5757
292 6910
293 3170
293 6784
294 5055
294 6838
295 3730
295 4938
296 1042
296 6934
297 1115
297 5537
297 6257
298 3293
299 578
299 3123
300 2504
301 3406
302 817
303 5880
303 6389
304 1036
304 2811
304 5094
305 1742
305 5306
305 6439
306 791
306 5149
307 3879
307 4316
307 5104
308 2658
308 3251
308 4250
308 6367
309 1774
309 4206
310 1256
310 1431
310 2573
310 3365
310 5250
310 5822
310 5982
310 6580
311 2305
311 5352
312 4538
312 5467
313 2699
313 5450
313 5501
314 480
314 5611
315 1274
316 3374
316 6987
317 2545
318 992
319 5602
320 862
320 3348
320 4549
321 751
322 456
322 4547
323 337
323 2817
324 2253
324 2935
324 6334
325 4751
326 2852
326 3200
326 3266
326 3888
327 3581
327 6013
327 6268
328 2788
328 4349
329 3989
329 4449
330 1953
330 3122
330 4929
330 5952
331 1030
331 1351
331 1925
331 4470
331 5039
331 5609
331 6394
331 6564
332 4054
332 4669
333 2095
333 2202
333 2315
333 7148
334 5582
335 3934
335 4934
336 2715
336 5154
337 4974
337 6865
338 359
338 592
338 2199
338 3470
339 1520
340 908
340 1568
340 1670
341 2222
341 4771
341 6324
342 2225
342 4700
342 6196
343 1103
343 2952
343 3136
344 2456
344 2572
344 5852
345 1534
345 3563
345 3636
346 2192
347 3722
347 5023
348 4423
349 1768
349 3400
349 6601
350 3314
350 5231
351 1619
352 3854
352 6429
353 1168
353 1215
353 1581
353 3575
353 6671
354 1333
354 5870
355 377
355 1606
356 2540
356 3904
357 4353
357 4867
358 551
358 2524
358 2778
358 6674
359 736
359 1068
359 1539
360 2041
361 6347
362 3610
362 4188
362 4345
362 4478
363 1757
363 2039
363 5547
363 7132
364 731
364 4248
365 2680
365 7121
366 4672
366 6184
367 5980
368 2962
368 4079
368 5138
368 7104
369 3355
369 5303
369 7039
370 675
370 6226
371 2549
372 1508
372 2015
372 2296
373 1691
373 5686
373 6950
374 1797
374 5454
375 439
376 856
377 5779
377 6512
378 1769
378 3675
378 6437
379 2025
379 4745
379 4825
380 3319
380 4373
380 5091
381 2264
381 4846
381 6022
382 2679
382 4754
382 7130
383 1031
383 1134
383 1803
383 3982
383 7076
384 3846
384 5221
385 3412
385 5077
386 4946
386 5627
387 5698
388 2277
388 6942
389 4988
390 463
390 6275
391 1020
391 2467
391 3615
392 1772
392 5328
393 4536
394 1617
394 2020
394 5080
394 6306
395 6875
396 6203
396 6774
397 1636
398 4638
399 2594
399 3163
399 4443
400 3545
401 808
401 1449
401 1588
401 1953
402 496
402 3823
402 5495
402 5640
402 5676
403 1401
403 2911
404 3721
404 4236
404 5118
404 5279
405 3500
406 6503
407 746
407 909
407 4765
407 6798
408 6963
409 3623
409 3629
410 2747
411 3703
411 5677
411 6928
412 4930
413 478
413 6924
414 2876
414 5482
415 6592
416 6368
417 3179
417 3687
418 4169
418 4216
419 3160
419 7178
420 3481
420 6051
420 6600
421 579
421 4788
421 6643
422 1839
422 3633
422 6555
422 6630
423 2199
423 3401
423 6384
423 7013
424 2348
424 3494
425 5545
426 1074
426 5256
427 2276
427 6561
428 1058
428 1577
428 1610
428 2194
428 2501
429 3413
429 3734
430 3447
430 3506
430 3906
430 4208
430 4371
431 3236
431 4026
431 4690
432 1412
432 1740
432 6818
433 1757
433 2464
434 2503
434 4968
434 5231
434 5314
435 3484
435 5183
435 6098
436 7176
437 754
437 6054
438 1984
439 2054
439 3442
439 5354
439 5788
440 1680
441 4429
441 5812
442 707
442 6717
443 643
443 1957
443 2576
443 3514
443 4796
443 5180
443 5753
444 1192
444 4391
444 4674
444 5995
445 3908
445 5250
446 2418
446 2463
446 3607
446 3911
446 4064
446 5867
447 1542
447 2173
448 3938
449 4179
450 4739
450 6506
451 1753
451 4023
452 1344
452 4257
452 7118
453 786
453 1323
453 2850
454 541
454 3467
455 5169
455 5720
455 7170
456 1111
456 1613
456 3429
456 5177
457 4907
458 1478
458 2071
458 3920
458 4011
459 2017
459 6451
459 6911
460 824
460 3599
461 3840
461 6386
462 1313
463 1309
463 1553
463 5789
464 1859
464 2979
464 5240
464 6729
465 577
465 1064
465 3686
465 5267
465 6561
466 959
467 1652
467 1750
467 2687
468 1972
468 2789
468 2996
468 6676
468 6797
468 6804
469 4104
469 4495
469 6316
470 798
470 2002
470 3423
471 1427
472 1996
472 3717
472 7142
473 4330
473 5495
474 1343
474 1565
474 1717
474 3725
475 4572
475 5728
476 3757
476 4005
476 4901
477 1689
477 3218
477 5303
478 2518
479 6548
480 1815
480 2604
481 6681
482 608
482 3387
482 6203
483 7088
484 2751
484 6575
485 4822
485 5660
485 6508
486 1971
486 6664
487 3251
488 4212
489 1224
489 1770
489 2258
489 4463
489 5340
489 6116
490 2285
490 3655
491 1802
491 3019
491 4461
492 819
492 1905
492 3442
493 6118
494 1876
496 835
497 1840
497 5713
497 6875
498 2155
498 4292
498 5916
499 3475
499 3675
499 4248
500 2383
500 3093
500 3349
501 1771
501 2819
502 1243
502 1616
502 2340
503 3634
504 4844
504 5940
505 4807
506 4487
506 6143
507 900
508 3035
508 4159
509 4489
509 5304
510 2763
510 4148
511 3113
511 3998
512 1004
513 3072
514 2982
514 4744
515 6175
515 6372
515 7007
516 4534
517 1440
517 1698
518 3561
518 3678
519 891
519 1126
519 3259
519 5656
520 4608
521 3760
521 3854
521 5373
521 5973
521 6857
522 3724
522 4908
522 6249
523 2769
523 5952
524 732
524 886
524 1712
524 4284
524 5393
524 6145
525 902
525 3999
525 4178
525 5364
525 6705
526 735
526 1259
526 1696
526 6777
527 2193
527 2845
527 3594
527 5636
527 7062
528 5787
528 6875
529 3787
529 5961
529 6198
530 5418
530 6044
531 2651
531 4486
531 4880
531 5148
531 6009
532 4060
533 3479
533 5249
534 2579
534 4788
534 6353
534 6612
535 1061
535 1120
536 639
536 4386
537 6107
538 2586
539 699
539 2747
539 3866
539 3896
539 5567
540 5052
540 5206
541 3446
541 4434
541 6790
542 6698
543 735
543 4311
544 1197
544 4684
544 6612
545 4612
546 3351
546 6130
546 7153
547 1432
547 5230
547 5452
547 5919
547 6658
548 6432
549 4203
550 880
550 3027
550 6407
552 4200
553 5041
554 2794
554 3764
555 3428
555 3782
555 4184
556 2646
556 3396
556 4495
556 5704
557 5486
558 2376
558 3847
558 7058
559 2472
560 4509
561 5390
562 1032
562 5613
562 6367
563 695
563 1447
563 2638
563 2785
564 1259
564 1275
564 1883
565 1686
565 1821
566 3005
567 6741
568 1810
568 5336
568 6285
568 6461
569 3418
569 6873
570 590
570 2681
570 2728
570 3512
571 6021
572 3131
572 3255
573 1388
573 6413
574 4943
575 1799
575 5127
575 5160
575 5489
576 1789
576 2852
576 4281
576 5296
577 5399
577 6058
577 6235
578 5402
578 5798
579 4937
580 3884
581 2626
581 6082
581 6104
581 6944
582 3169
582 5455
583 955
583 3784
583 5241
584 2046
584 5477
585 1052
585 1920
585 2817
585 4384
585 5303
586 2084
586 2617
586 2788
586 6095
586 6795
587 4180
587 4237
587 5967
588 1513
588 4727
588 4736
589 1817
589 2343
591 2263
591 3437
591 3997
591 5642
592 4379
592 4754
592 5959
593 3889
594 1373
595 3365
595 4317
596 3471
597 680
598 2721
598 6677
599 4706
600 977
600 5064
600 5711
600 6627
601 1592
601 3693
602 4904
602 4951
602 6243
603 1320
603 3873
603 5924
604 4604
604 4937
605 1204
605 1843
605 1991
605 6311
606 3210
606 4303
607 1229
607 4184
608 995
608 5193
609 4857
610 5717
610 6023
610 6187
610 6236
610 6488
610 7001
611 1249
612 3295
612 4580
612 5442
612 7058
613 1627
613 4772
614 2259
614 2569
614 6063
615 3249
616 2552
617 3421
617 3510
617 6205
618 2006
619 2955
620 1490
620 2183
620 5950
620 6573
621 7104
622 2109
622 2615
622 3866
622 5732
623 5965
624 1574
624 5991
624 7039
625 1261
625 1907
625 2555
625 3144
626 746
626 3569
627 2967
628 826
628 2710
628 6257
629 1612
629 4492
629 4829
630 4192
630 6419
631 1018
631 1336
631 3557
631 4541
631 5214
632 4516
632 5096
633 3947
633 4237
633 6483
634 1703
634 1799
634 3154
634 4611
634 5118
635 2499
635 6359
636 4335
637 2041
637 2791
638 5697
639 3093
639 4755
640 1100
640 4587
641 2749
641 5008
641 6817
642 4050
642 6010
643 3839
643 5431
644 1362
645 2108
645 2968
645 3927
646 1573
646 3694
647 2565
647 5567
648 5441
649 1287
649 1999
650 5794
651 3419
651 5625
652 2507
652 2678
653 3445
654 2660
654 4968
655 2653
655 3285
655 4500
655 4953
656 5661
657 1690
657 2750
657 3405
658 915
658 4385
659 4256
659 6288
660 3483
660 4693
661 3855
661 4687
662 1643
662 5413
663 1353
663 2222
663 3129
663 3508
664 841
664 4118
665 2162
665 2245
665 4185
665 5727
665 6243
666 5335
667 3351
667 6836
668 4818
669 1750
670 3242
671 2057
671 6287
671 6437
672 6210
673 3494
673 4040
674 1659
674 3621
674 6938
675 3353
675 4018
675 6648
676 1876
677 952
677 2442
677 5619
678 1853
678 3636
679 4028
679 6494
680 2675
680 3194
680 3556
681 2125
681 3620
682 1214
683 6090
684 2985
684 4211
684 7075
685 2418
685 3757
686 2560
687 3139
688 1187
688 3871
688 5101
689 2486
689 4984
689 6080
690 1521
690 4399
691 2895
691 3169
691 5752
691 5995
692 3569
692 4715
693 1705
693 4724
694 4136
695 796
695 3761
696 2351
696 6311
697 927
697 1378
697 5815
698 2273
700 749
700 6167
700 6775
700 6778
701 1953
701 2866
702 974
702 1865
702 5212
702 6860
702 6898
703 1569
703 6442
704 2397
704 2911
704 3668
704 6301
705 2691
706 5733
706 6148
707 5663
708 3387
709 4161
709 5649
709 6580
710 2156
711 4474
711 4721
712 2293
712 4810
712 5140
712 5563
712 6971
713 3695
713 6335
714 2168
714 3370
715 1077
715 4409
715 4538
715 5507
715 5925
715 6449
716 2656
716 6262
717 1266
717 6362
718 2521
718 4430
718 5945
718 6282
719 2874
720 1154
720 1447
720 6258
720 6468
721 5999
722 2491
722 4741
722 5950
723 1934
723 2959
724 5478
725 5202
726 989
726 1002
726 2220
727 3572
727 4783
727 4942
727 5070
727 6352
728 1391
728 2668
728 4970
729 2565
729 4190
730 2112
730 2214
731 2593
731 5981
732 793
732 3708
732 3962
732 6034
733 5236
733 6499
734 1040
734 1368
734 5337
735 3130
735 5708
735 6396
736 3269
736 6539
737 2556
737 2782
737 4346
737 6347
737 6702
738 981
738 3439
739 957
739 3648
739 5800
740 4854
740 5034
741 4030
742 1034
743 1209
743 3732
744 3202
745 4553
746 6838
747 2011
747 2157
747 2299
747 3648
747 4706
748 866
748 6432
750 6056
751 1067
751 3699
751 4070
751 5113
751 5123
752 1091
752 6055
752 6371
753 4540
754 2993
754 6603
755 5606
756 1828
756 6471
757 2211
758 2871
758 2975
759 4258
759 5641
760 1219
760 1503
760 6763
760 6891
761 5967
762 5756
763 975
763 1485
763 5793
764 2261
764 3404
764 3467
765 6902
766 3149
767 5237
768 2944
768 2948
768 5434
769 2057
769 2418
769 4230
770 6020
770 7158
771 5751
772 1573
773 3793
773 5526
774 4533
775 972
775 4688
776 7076
777 855
777 2200
777 3801
777 4677
778 2463
779 3348
779 6245
779 6516
780 4819
781 1994
781 4940
782 2380
782 6493
783 6935
784 2138
784 3922
784 6984
785 1479
785 1883
785 5359
786 1909
786 4237
787 5707
788 4711
788 6526
789 3732
789 7035
790 6204
791 5352
792 1009
792 4746
792 4975
792 6018
793 5231
793 5732
794 3757
794 4179
795 3048
795 4799
796 2131
796 2995
796 4507
797 1961
797 2290
797 2408
797 3859
797 4467
798 4016
798 6325
799 5693
799 5704
800 2017
801 1417
801 5930
802 850
802 2538
802 5424
802 5800
802 5951
802 6004
803 1083
803 2889
803 4792
804 1751
804 1875
804 4360
805 2670
805 3409
806 2048
806 2414
806 2994
807 5616
808 821
808 3724
808 4093
808 4260
808 6884
810 4329
810 6726
810 6802
811 1510
812 3976
812 4028
812 4595
812 6883
813 4443
814 6444
815 991
815 1929
815 5671
815 7024
816 6586
817 4309
818 1192
818 4915
818 5561
818 6694
819 3124
819 3829
819 5969
819 6310
820 5331
821 3993
821 5672
821 5783
822 4009
823 1579
823 5009
823 5113
824 4549
824 4797
824 5341
825 2545
825 3682
825 3741
827 3608
827 3629
827 6111
828 1876
828 1944
828 4367
828 5326
829 1570
829 5559
830 4834
831 3951
832 5214
833 2368
834 4835
835 977
835 2688
836 1822
836 4114
837 4399
837 5888
838 993
838 1663
838 5658
839 3598
839 4073
839 5819
840 1741
842 5368
843 3168
843 3257
843 6403
844 1107
844 1540
844 6093
844 6444
845 2080
846 1104
846 2824
846 6261
846 6641
846 6992
847 3617
848 2792
849 1776
850 1591
851 3494
851 5087
851 5099
852 5391
852 6907
853 2468
853 3330
854 1148
854 1354
854 3629
855 4588
855 7110
855 7140
856 918
856 2956
857 6500
858 3541
858 6076
859 2464
859 3718
860 5491
861 2299
861 4868
862 2707
862 3336
862 6018
863 2327
863 3580
863 6935
864 2861
864 5197
864 6025
865 2887
865 2961
866 4745
867 3014
867 3910
867 5590
868 1861
868 2709
868 2983
868 4121
869 6017
869 6336
870 1462
870 6972
871 3354
871 4132
872 2052
872 4743
872 6481
873 3888
873 5537
873 6656
874 3746
874 4048
874 4208
874 5350
875 2278
875 4107
875 4339
876 1600
877 3746
878 2274
879 2349
879 5365
880 2098
880 5659
881 6052
882 2564
882 3271
882 6876
883 1419
883 3329
883 5626
884 2412
884 6507
885 1489
885 7029
887 1476
887 5156
888 1691
888 2732
889 3861
889 4262
890 3463
890 5807
891 1186
891 4163
891 5011
892 5509
892 6687
893 4412
893 5828
894 1667
894 2112
894 3804
895 6128
895 6657
896 2016
896 3886
896 5030
897 2059
898 2903
898 3134
898 6251
899 3562
899 3632
900 1566
900 6265
901 1689
901 7122
903 1115
904 3325
904 3375
904 6015
904 7166
905 4580
906 1982
907 2732
907 3935
908 5129
910 3504
911 5558
912 1170
912 1403
912 3893
912 4522
913 1045
913 4616
913 6710
914 3120
914 3870
914 6853
916 2928
916 3255
917 2575
917 2954
917 4048
917 4271
919 5326
920 966
920 1688
920 5928
921 1476
921 6800
922 2523
922 3624
922 5735
923 2806
923 4551
923 4623
923 6533
923 6538
923 6708
923 7142
924 4774
925 3295
926 2818
927 2603
927 4902
927 5939
928 5527
929 3250
929 3591
930 1813
931 2952
931 3391
931 6397
932 4850
932 5254
932 6101
933 6832
934 5650
935 2045
936 1230
936 1272
936 3670
936 4323
936 4837
937 6836
938 988
938 1110
938 2145
938 6453
939 3540
939 4443
939 4893
939 5550
939 6335
940 3696
940 4006
940 6356
941 2711
941 6401
942 2105
942 5947
942 6073
942 6191
943 2510
943 3030
943 4942
944 2621
944 6770
945 4330
946 1277
946 3802
946 4253
946 5453
946 5633
946 6422
946 6656
947 1091
947 5573
947 7052
948 1966
949 5919
949 6655
950 1406
951 1949
951 2561
952 5488
953 3422
954 4025
954 4277
954 6733
954 6960
955 4331
955 5120
956 7066
958 5717
959 1665
960 5116
960 6196
961 4523
962 5916
963 3373
964 4390
964 6187
965 3693
965 3803
966 5021
966 5035
966 5106
967 6129
967 6651
968 1137
968 5687
969 5048
970 4270
970 5300
971 3345
971 5286
972 2553
972 4179
973 1924
974 1177
974 3526
974 6319
975 3706
976 5945
976 6052
977 6940
978 4266
978 6586
979 2069
979 2446
979 2795
979 4576
979 4863
980 3382
980 3932
981 2915
981 4147
982 5831
982 6793
984 6219
985 1414
985 3403
985 3561
985 4046
986 1962
986 6680
987 6380
988 1213
988 7010
988 7124
989 2056
989 3918
989 4335
989 6166
990 1481
991 2392
991 2947
991 5980
992 3958
992 5397
994 6788
995 2434
995 3682
995 6361
996 3913
997 1057
997 2222
997 3626
997 4539
997 5234
998 5195
999 1475
999 4499
999 5487
999 5860
1000 1163
1001 6165
1002 2089
1002 3655
1003 1036
1003 2133
1003 3795
1004 2280
1004 4308
1004 5316
1004 5465
1005 4382
1005 6079
1005 6506
1006 6301
1006 6675
1007 4287
1008 4903
1009 3366
1009 4519
1010 5935
1011 2172
1011 3545
1011 3584
1011 7116
1012 4347
1013 3514
1014 5569
1014 6237
1014 6688
1014 7020
1015 2278
1015 6425
1015 6798
1016 3679
1017 5848
1018 5505
1019 1099
1020 2256
1021 4950
1021 7099
1022 2783
1022 2915
1022 3672
1022 5229
1022 5659
1023 5024
1023 5288
1024 1214
1024 2481
1024 2746
1024 3225
1024 6296
1024 6409
1025 4354
1025 4570
1026 1208
1026 4550
1026 5916
1026 6039
1027 6820
1027 6824
1028 3022
1028 3417
1028 5529
1028 6945
1029 2154
1029 4794
1031 4627
1031 5220
1031 5898
1032 4252
1032 5350
1033 2883
1034 3714
1034 4460
1034 4973
1034 6613
1035 1194
1035 5319
1035 7113
1036 4438
1037 3283
1037 4348
1037 4426
1039 1965
1039 4213
1040 2795
1040 2858
1040 4072
1040 4197
1040 5029
1041 2295
1041 3988
1041 4223
1042 5179
1042 5187
1042 5315
1043 2421
1043 2812
1043 4234
1043 6758
1044 3013
1044 3401
1044 5198
1045 1651
1045 6029
1046 1647
1046 4118
1046 4856
1046 6954
1047 2684
1047 3865
1047 4789
1047 4916
1047 6041
1048 1603
1049 4467
1049 5031
1050 1379
1050 4581
1051 2931
1051 3390
1052 2174
1052 6672
1053 1942
1053 2728
1053 6230
1054 4056
1054 5828
1055 6159
1056 3247
1056 4655
1057 1518
1057 6979
1058 6527
1059 6788
1059 6852
1060 2413
1060 5061
1061 1160
1061 2493
1062 4418
1062 5239
1062 5253
1062 7125
1063 4457
1064 4298
1065 6994
1068 2242
1068 5194
1069 1649
1070 2428
1070 2755
1071 1939
1071 3109
1071 3698
1071 4779
1072 2267
1072 5462
1073 3153
1073 5517
1075 6670
1076 6441
1077 5152
1078 3085
1078 3480
1078 4979
1079 5227
1080 6158
1081 6073
1082 3100
1082 3279
1082 3732
1082 5121
1082 6285
1083 1774
1083 2670
1084 3349
1085 1190
1085 5961
1086 3548
1086 4741
1087 1985
1087 3856
1088 1927
1088 1982
1088 4803
1089 2290
1089 6595
1090 2651
1090 5638
1090 5837
1091 1769
1091 3360
1091 5593
1091 6020
1092 1549
1092 1625
1092 2862
1092 4041
1092 6986
1093 6983
1094 2834
1095 2910
1096 1925
1096 2417
1097 1213
1097 4868
1098 5432
1099 5921
1100 3630
1100 6042
1101 4442
1101 7086
1102 3198
1102 4019
1102 4314
1102 5935
1102 6373
1103 2950
1104 5999
1105 1912
1105 2152
1105 3775
1106 5781
1107 5983
1108 2184
1108 2612
1108 5897
1108 6391
1109 1461
1109 5768
1110 3606
1110 5318
1110 6663
1111 4420
1111 6141
1112 1321
1112 1664
1112 6410
1113 1349
1114 2526
1114 4882
1114 6870
1115 5404
1115 6475
1116 2801
1116 3765
1116 4392
1116 4823
1116 6383
1116 7101
1117 3268
1117 3533
1118 1998
1118 3619
1118 3705
1118 7104
1119 3415
1119 6883
1120 4859
1120 5327
1120 6202
1121 2204
1121 4440
1121 4568
1122 1414
1122 2014
1122 3631
1122 4441
1122 5352
1123 3970
1123 5815
1124 3430
1124 5470
1125 1824
1125 2664
1125 4636
1125 4927
1125 7076
1127 4767
1127 4894
1128 4827
1128 5940
1128 6500
1129 6271
1130 1415
1130 5648
1131 5714
1131 6785
1132 2631
1132 4219
1132 5736
1133 6549
1134 2956
1134 5374
1134 6876
1134 6988
1135 3125
1136 7001
1137 3216
1137 5178
1137 7051
1137 7107
1138 2425
1138 3003
1138 3942
1139 1306
1139 5523
1140 5684
1140 6112
1141 4321
1141 5016
1142 7008
1143 2339
1143 5871
1144 1253
1144 1581
1144 4824
1144 7089
1145 7179
1146 1731
1146 3335
1146 3733
1147 6686
1148 2502
1149 2521
1150 1231
1150 1434
1150 1533
1150 2549
1150 4241
1150 5254
1151 1422
1151 1637
1151 2551
1152 6928
1153 2583
1155 4706
1155 4957
1155 6707
1156 1501
1156 4153
1157 4293
1158 6315
1158 6513
1159 4174
1160 4759
1160 6217
1161 5030
1162 2531
1162 2912
1162 5689
1163 1181
1164 6253
1165 1580
1165 6350
1166 6985
1167 4198
1169 3652
1169 4061
1169 4341
1170 1752
1170 4202
1171 1191
1171 4227
1171 5247
1172 1648
1172 3258
1172 3392
1172 6986
1173 1937
1173 2712
1173 3710
1173 4998
1173 5637
1173 7159
1174 6898
1175 5863
1176 2439
1176 2547
1177 1438
1178 5736
1179 2147
1179 3003
1179 4243
1180 5680
1180 5928
1180 6759
1181 5348
1182 6474
1183 4370
1183 4671
1183 6363
1183 6930
1184 3768
1184 4448
1185 3035
1186 7057
1187 3669
1187 5123
1188 5471
1189 6241
1190 3312
1190 3435
1190 4575
1190 4718
1190 4877
1193 1800
1194 1890
1194 2851
1194 4098
1194 5120
1194 6802
1195 4885
1195 7143
1196 5847
1197 5480
1198 4973
1198 5472
1198 6340
1199 3940
1199 5689
1200 3395
1201 3066
1201 3468
1201 3750
1201 5636
1201 5854
1202 2269
1202 5748
1202 5896
1203 1734
1203 3615
1203 6862
1203 7140
1204 5524
1204 6111
1205 2567
1205 3904
1206 5738
1207 2338
1208 2691
1210 2593
1210 2707
1212 3889
1212 4031
1212 4432
1212 5946
1213 1433
1213 2830
1213 3914
1214 2510
1214 4434
1214 6190
1215 4596
1215 6122
1216 2787
1216 2924
1216 4201
1217 2030
1217 4902
1217 5241
1218 1673
1218 5958
1220 3379
1220 5522
1221 3202
1222 6626
1223 2558
1223 3780
1224 2074
1224 2699
1224 4368
1225 2433
1225 3669
1226 5613
1226 6401
1226 7085
1227 1548
1227 5062
1229 5744
1229 5925
1230 2300
1231 2084
1232 6070
1232 7161
1233 4526
1233 7046
1234 7135
1235 1795
1235 5279
1235 5666
1236 2398
1236 2870
1237 5202
1237 6899
1238 1951
1239 1936
1241 4029
1241 5460
1242 6644
1243 1490
1243 1755
1243 3451
1243 4530
1244 1763
1244 5527
1245 2201
1246 3020
1246 3971
1246 5836
1247 2271
1248 5711
1248 5831
1248 5964
1251 2002
1251 2821
1251 6989
1252 4583
1252 6107
1252 6247
1253 1694
1253 2135
1253 4364
1253 5528
1254 1700
1255 6144
1257 2873
1258 3593
1259 1567
1259 6399
1260 1971
1260 5933
1261 1267
1261 3274
1261 3583
1262 4514
1263 3496
1263 5186
1264 1342
1264 2100
1265 4889
1266 3120
1266 5347
1267 4378
1267 5320
1268 3444
1268 6520
1268 6567
1268 6966
1269 3787
1269 3955
1269 5195
1269 5325
1270 1636
1271 1898
1272 2036
1272 2454
1272 5406
1273 6943
1274 2907
1274 5795
1274 6091
1275 2316
1276 2360
1277 2357
1278 2935
1278 4782
1279 2102
1279 2554
1280 4108
1281 3814
1281 4847
1281 6796
1282 3246
1282 5924
1283 2577
1283 3192
1284 1905
1284 5713
1284 5829
1284 6812
1285 5961
1285 6068
1286 3137
1287 2571
1287 4686
1288 1465
1288 5583
1288 6642
1289 3438
1289 3712
1290 4285
1291 4997
1291 6366
1291 6760
1292 2470
1293 4040
1293 4212
1293 5388
1294 2676
1294 2726
1294 4707
1295 3933
1295 5011
1296 4327
1297 1830
1297 4792
1298 1543
1299 1307
1299 2497
1299 3603
1299 5310
1300 1875
1300 4952
1300 7087
1302 2102
1302 5032
1303 5835
1303 6416
1304 5137
1305 2236
1305 5297
1306 1395
1306 1689
1306 1700
1306 2167
1306 4773
1306 6575
1307 6861
1308 4125
1308 5890
1309 3223
1309 3439
1310 2195
1310 2280
1311 4130
1312 2079
1313 2189
1313 2947
1313 3947
1314 4792
1315 1372
1315 3105
1315 4678
1316 1992
1316 2153
1317 5325
1317 6921
1318 2845
1319 3652
1319 5558
1320 2357
1322 2619
1322 3088
1325 1507
1325 3228
1326 2777
1326 6117
1326 6430
1327 6165
1328 4150
1329 1868
1329 3224
1329 6684
1329 6756
1330 2722
1331 1336
1332 1355
1332 5058
1332 5430
1333 1480
1333 1583
1333 4376
1333 6375
1334 1618
1334 2197
1334 3118
1335 2347
1335 2743
1335 4588
1335 5451
1335 6747
1336 4319
1336 4564
1337 4543
1338 3207
1338 3426
1339 3217
1339 7040
1340 5007
1340 6354
1340 6740
1341 1982
1341 5513
1342 3917
1342 6473
1342 6762
1344 3816
1345 2639
1345 3075
1345 5243
1346 1662
1346 4514
1347 3803
1347 4404
1348 1515
1348 4069
1349 2876
1350 2013
1350 3760
1350 5767
1352 4303
1352 4415
1352 4630
1352 4839
1352 6079
1354 3465
1354 6027
1355 6858
1356 2079
1356 3932
1356 4544
1357 3210
1357 4724
1357 5448
1357 5609
1357 6114
1358 5854
1358 6161
1359 3077
1359 5563
1360 5370
1361 3992
1361 4238
1361 6440
1362 3332
1363 6340
1364 3106
1365 2775
1365 6221
1366 2844
1367 3248
1367 3399
1367 3926
1367 4302
1367 6583
1369 2332
1369 6466
1370 3386
1370 4445
1371 1654
1372 3987
1372 6589
1372 7154
1373 3490
1373 4327
1373 7043
1374 3861
1375 4827
1376 3967
1376 6271
1377 2873
1377 2933
1377 3602
1378 2731
1378 6463
1379 7170
1380 1852
1380 2370
1380 2909
1380 4964
1380 6412
1381 3643
1381 4155
1381 6664
1382 3246
1382 7066
1383 6033
1384 1758
1384 4328
1385 6031
1386 2254
1387 1928
1388 5714
1389 2072
1389 2129
1390 4131
1391 5333
1392 2604
1393 3250
1394 6211
1394 6932
1395 2265
1395 2717
1396 3750
1396 4400
1396 6505
1397 6799
1398 3570
1398 4624
1399 1931
1399 2279
1399 3734
1399 4475
1400 3456
1401 4140
1402 2063
1402 3358
1402 3664
1402 5201
1402 6714
1402 7069
1403 4642
1403 6144
1404 3043
1404 6362
1405 5423
1406 4069
1406 5968
1407 6793
1407 7133
1408 4951
1408 5784
1408 6980
1409 2574
1410 2754
1410 5700
1411 6279
1412 4522
1413 1455
1413 6206
1414 3841
1414 3987
1415 4921
1416 4943
1416 6733
1417 1743
1417 3114
1417 6763
1418 5696
1418 6845
1419 6921
1420 3254
1421 6747
1422 4493
1423 2985
1423 4442
1423 4806
1424 5528
1425 5953
1425 6969
1426 5277
1426 7048
1427 4996
1427 5390
1428 1554
1428 5618
1429 2955
1429 4547
1429 4917
1430 4612
1434 5246
1434 6265
1435 2161
1436 4453
1437 5180
1438 2742
1438 4351
1438 6489
1439 2616
1440 2609
1440 4981
1441 5382
1442 4620
1442 6569
1442 6729
1443 6525
1444 3171
1445 4235
1445 6740
1446 5351
1447 1993
1448 5562
1448 5639
1449 5038
1449 6920
1450 2585
1450 3334
1450 4078
1453 6013
1454 2276
1455 2106
1456 2640
1456 2761
1456 4199
1456 6349
1457 2036
1458 2553
1459 3243
1459 4351
1460 2764
1460 6803
1461 3264
1462 7128
1463 6793
1464 5008
1464 6746
1465 3133
1466 3325
1467 4883
1468 5375
1468 5855
1468 6340
1469 3112
1469 3598
1471 2942
1472 4674
1473 4301
1473 5790
1473 6642
1474 2247
1474 2549
1474 6689
1475 4512
1476 1726
1476 4652
1476 5259
1476 6223
1477 1514
1477 2686
1478 2904
1478 6636
1481 2475
1482 1835
1483 4623
1483 6160
1484 2961
1484 4266
1484 4674
1485 3517
1485 6771
1486 2453
1486 7088
1487 2378
1487 5778
1488 6685
1489 6863
1490 2739
1490 3870
1490 6075
1492 3332
1492 6467
1493 2160
1493 5656
1494 4158
1494 4768
1494 7046
1495 6778
1496 2455
1496 5445
1496 6491
1497 2933
1498 1869
1498 3623
1499 3394
1499 4215
1500 2817
1500 5166
1501 1916
1501 4274
1501 6634
1502 2608
1502 6563
1503 3190
1504 6205
1504 6655
1505 3812
1505 6378
1505 6796
1506 1677
1506 2717
1506 6812
1507 5616
1508 4325
1509 5818
1509 6829
1510 4250
1511 2653
1511 6295
1512 1572
1512 3171
1514 2980
1515 5025
1515 5275
1516 4219
1516 6455
1517 2075
1518 2152
1519 4047
1520 2962
1520 3957
1521 2048
1521 6373
1521 7064
1522 7009
1523 1551
1523 3856
1523 3875
1524 2341
1525 3290
1525 4099
1526 2338
1526 3082
1526 4848
1526 5410
1526 5998
1527 3591
1527 3995
1527 4857
1528 3961
1528 6673
1528 6686
1529 1926
1529 4822
1530 2114
1531 1992
1531 5155
1531 5628
1532 6687
1533 5342
1534 5143
1534 6439
1535 1909
1535 6207
1536 6524
1537 3555
1537 4699
1537 5267
1538 2002
1538 3807
1538 4905
1538 5457
1538 6492
1539 6880
1540 6156
1541 5026
1542 5721
1542 6239
1543 3068
1543 5220
1543 5256
1544 3534
1545 2435
1545 2953
1545 3206
1546 2807
1546 6522
1547 5326
1548 5906
1548 6109
1549 3502
1549 3885
1549 6487
1550 1780
1550 2188
1551 2871
1552 3436
1554 3680
1555 4927
1555 5196
1556 6555
1557 5594
1558 3771
1558 5014
1559 2326
1559 3385
1560 4654
1560 5865
1561 4979
1561 6639
1562 3721
1563 5751
1563 6343
1564 5070
1564 6006
1565 7093
1566 3173
1566 3788
1566 5455
1566 6762
1567 1713
1567 6244
1569 1575
1569 3761
1570 4590
1571 2377
1572 5426
1573 3443
1575 2450
1576 5247
1576 6672
1578 6681
1579 2623
1579 3554
1580 3680
1580 5289
1582 3446
1582 3641
1583 1606
1583 4376
1583 5017
1583 6582
1584 2846
1585 2029
1585 5977
1586 2105
1587 3810
1587 4140
1588 1991
1588 6833
1589 3110
1590 3506
1590 5211
1590 7181
1591 3367
1592 4920
1593 3293
1594 1891
1594 3453
1594 3788
1595 1970
1595 6868
1596 2052
1597 3039
1598 1927
1598 4995
1599 1723
1600 3065
1600 4030
1601 1871
1601 3653
1602 4862
1603 3207
1604 3902
1604 4692
1605 2445
1605 6721
1606 2125
1606 2687
1606 3200
1606 3581
1606 4008
1606 4621
1606 4702
1606 5355
1607 4873
1607 5261
1607 5560
1607 6811
1608 5224
1608 5778
1609 2462
1609 5133
1609 6024
1610 1979
1610 3069
1611 2241
1611 3374
1611 4534
1611 5210
1611 6445
1613 3428
1613 7137
1614 2655
1614 3274
1615 3149
1615 4891
1615 6665
1617 5697
1617 6308
1618 1954
1618 3416
1619 2047
1619 3783
1620 2794
1620 4154
1620 6044
1622 3232
1622 4566
1622 5859
1623 3075
1624 4118
1625 1879
1625 3631
1626 1637
1626 2204
1627 2868
1627 7071
1628 2396
1628 5869
1628 6406
1629 4635
1629 5739
1630 3238
1631 5543
1632 3373
1632 6110
1633 5826
1633 6131
1634 7116
1635 2451
1635 2862
1635 6195
1635 6593
1636 2207
1636 4816
1636 6176
1636 6695
1637 4271
1638 2636
1638 5291
1639 5041
1640 2631
1641 5034
1642 4495
1643 4804
1643 5473
1644 5791
1645 3863
1646 3047
1647 1684
1647 2728
1648 2114
1649 1714
1649 2701
1650 5814
1651 2573
1651 6047
1651 6520
1653 4492
1654 2798
1654 4206
1655 3916
1655 5829
1656 3758
1656 4468
1656 6145
1657 5429
1658 1864
1660 2178
1661 1748
1661 5231
1661 5435
1663 1726
1663 7034
1665 3487
1667 2841
1668 3073
1669 3710
1669 4926
1670 2793
1670 3848
1671 5771
1672 1750
1672 6314
1672 6932
1673 1724
1673 2203
1673 5400
1673 5998
1673 6925
1674 1791
1674 2301
1674 5232
1675 5353
1676 4084
1677 2877
1677 6266
1677 6461
1678 5802
1679 2648
1679 3500
1679 4398
1680 2147
1680 5300
1680 6558
1681 4980
1681 6163
1681 6985
1682 2086
1683 4469
1683 5104
1683 6767
1685 3228
1685 3677
1686 7120
1687 4802
1689 3181
1690 3938
1690 4209
1691 2058
1691 4558
1691 6284
1691 6630
1693 4235
1693 6303
1694 6832
1695 2576
1696 2481
1697 7010
1698 5443
1699 2036
1699 2420
1699 4005
1699 5789
1700 5734
1700 5872
1701 4300
1701 4817
1702 2828
1703 4027
1703 4625
1703 5024
1704 4010
1705 2581
1706 2567
1706 4573
1706 6317
1707 7182
1708 6129
1709 3873
1710 1857
1710 3647
1711 1921
1711 3459
1714 1980
1715 2043
1715 4221
1715 6205
1716 1986
1716 6633
1717 1892
1717 4678
1717 5480
1718 2939
1718 6688
1719 3470
1720 3291
1721 3136
1721 4133
1722 3560
1723 5622
1725 3862
1725 4829
1726 4260
1726 6690
1727 6735
1728 2975
1729 5391
1730 2805
1731 3545
1731 5904
1732 4604
1732 6679
1734 3367
1735 1997
1736 2237
1737 2935
1737 6762
1738 2092
1738 2989
1739 2880
1739 3967
1739 4944
1740 4222
1740 4670
1740 5432
1740 6611
1741 3661
1741 6546
1742 3042
1744 1857
1745 5054
1746 6747
1747 3981
1747 4523
1747 5411
1748 6443
1749 4112
1749 5878
1749 5997
1751 2549
1751 7127
1752 2860
1752 5586
1752 6744
1753 4081
1753 5519
1754 3220
1754 6022
1756 5227
1756 5672
1756 6006
1757 2178
1757 2509
1757 5941
1758 1999
1758 6718
1759 5957
1759 6830
1760 6383
1761 2447
1761 3147
1761 4967
1761 6294
1762 1932
1763 2180
1764 5156
1765 3937
1766 2505
1766 2938
1766 3533
1766 5346
1766 5784
1767 5411
1767 7004
1768 7137
1768 7145
1769 2823
1769 3749
1769 4813
1770 5311
1772 3113
1772 5170
1773 4708
1773 5013
1773 5859
1774 4524
1775 5960
1776 3869
1776 4647
1777 4111
1778 2977
1778 4634
1778 5602
1779 2031
1779 2480
1779 5040
1779 5913
1781 5227
1782 2624
1782 4304
1782 5298
1783 1879
1783 4272
1784 2033
1784 5026
1784 5755
1784 5972
1785 5370
1786 4028
1786 5452
1787 2010
1788 4492
1788 7145
1789 2662
1789 5995
1790 6490
1791 2028
1791 2490
1791 3394
1791 6364
1792 1846
1792 2400
1792 2908
1792 3518
1793 2314
1793 2668
1793 3751
1793 3843
1793 4424
1793 5048
1794 6575
1795 4291
1796 2305
1796 3213
1796 3949
1797 2327
1798 6987
1799 5290
1800 5469
1800 5686
1800 6372
1801 2347
1801 6314
1802 7172
1804 3233
1804 4074
1804 7170
1805 4057
1805 4296
1805 6221
1806 2536
1807 2581
1807 4457
1808 7015
1809 2050
1809 5317
1810 6398
1811 4336
1811 7177
1812 1913
1812 2855
1813 2108
1814 5886
1816 5524
1817 5315
1817 6191
1818 3280
1818 4299
1818 5921
1819 5878
1820 3413
1820 3715
1820 4262
1821 4729
1822 1878
1822 4127
1822 4477
1823 6252
1825 2016
1826 3221
1826 5723
1828 3578
1828 4966
1829 5579
1830 6731
1831 4256
1831 7024
1832 3251
1832 3858
1833 3274
1834 7068
1835 4043
1836 3455
1837 3635
1838 2807
1838 4461
1839 4189
1840 4105
1841 2746
1842 5250
1843 5128
1843 6312
1844 2710
1845 2176
1845 3972
1845 4682
1845 7070
1846 2244
1846 4715
1847 1964
1847 5386
1848 6825
1849 4469
1849 5022
1849 6185
1849 6887
1850 2547
1850 5951
1851 2327
1852 2298
1852 3908
1852 6251
1853 3114
1853 4083
1854 1894
1855 2142
1855 2291
1855 4226
1856 3590
1856 5436
1857 4208
1858 5659
1860 2113
1861 2141
1861 3471
1862 2354
1862 5875
1863 4673
1863 5225
1864 6617
1865 2108
1865 3797
1865 5035
1866 4237
1867 2640
1867 5707
1868 5564
1870 5528
1870 5581
1871 2519
1871 3601
1871 6815
1872 3346
1873 1903
1873 4317
1873 6452
1874 5070
1876 2286
1876 2403
1876 4426
1877 1885
1877 4749
1878 2140
1878 3707
1879 5198
1880 2241
1880 4009
1880 5855
1881 1999
1882 2412
1883 3108
1884 5023
1884 5072
1884 5830
1885 3444
1886 5842
1886 6541
1887 5874
1888 2443
1888 4532
1888 5269
1889 2820
1890 5158
1890 6016
1892 4578
1893 5986
1893 6165
1894 2752
1894 4974
1895 2759
1895 6438
1895 6613
1895 7084
1896 3418
1897 4604
1898 2447
1898 2510
1898 2857
1898 6349
1899 2699
1899 3436
1900 2341
1901 2285
1901 4731
1902 3857
1902 6294
1902 6822
1903 2565
1904 2848
1904 5627
1905 2465
1905 5957
1906 2336
1906 4247
1907 3223
1908 3852
1908 4094
1908 4605
1908 5588
1909 6234
1910 3251
1910 3850
1910 5113
1911 2508
1911 3994
1912 2130
1912 4606
1914 3986
1914 5312
1915 2509
1915 4355
1915 6534
1916 5568
1917 4231
1917 4424
1917 6406
1918 5783
1919 3092
1920 2647
1923 5678
1924 2562
1924 3953
1925 3205
1926 4759
1928 2423
1928 5208
1929 2580
1929 3956
1929 6524
1930 3223
1930 3860
1931 3402
1931 4405
1931 6827
1932 3638
1933 5695
1934 2512
1934 4868
1934 4931
1935 4968
1936 3661
1937 6702
1938 2492
1938 4760
1938 5620
1939 2941
1939 4020
1939 4900
1939 5984
1939 6894
1940 2239
1940 4603
1941 2207
1941 2993
1941 4009
1942 3679
1943 3737
1943 5367
1945 5483
1945 5905
1945 6038
1946 2054
1946 2689
1946 3534
1946 5078
1946 5874
1946 5975
1946 7035
1947 4909
1948 5162
1949 2775
1949 5324
1949 6845
1950 5759
1951 4899
1952 4838
1952 5428
1953 1960
1953 3214
1953 4092
1953 6967
1954 2288
1954 4758
1954 5737
1954 6181
1955 2121
1956 2949
1956 4872
1956 5775
1957 4552
1957 6214
1958 5137
1959 3378
1960 6161
1960 6639
1961 5041
1961 6149
1962 6712
1963 4993
1963 7162
1964 2941
1964 3004
1964 3150
1965 6686
1966 3620
1966 5047
1966 5756
1966 5863
1967 2332
1967 3140
1967 3733
1968 2842
1969 2567
1970 3762
1971 5227
1972 5384
1973 3399
1973 4973
1974 5724
1974 6189
1974 6936
1975 3519
1976 5198
1976 6631
1977 3526
1977 4657
1977 6704
1978 2757
1978 3732
1979 3299
1981 3100
1982 4453
1982 6290
1983 3149
1983 4437
1983 5885
1984 3186
1985 3549
1987 3089
1987 5082
1988 5157
1989 2408
1989 7182
1990 2340
1990 4922
1990 5199
1991 4659
1992 2103
1993 4364
1994 2780
1994 4667
1994 6171
1995 2012
1995 5607
1996 4932
1996 7002
1998 2001
1999 4919
1999 5503
2000 2409
2000 5958
2002 6213
2003 3333
2004 2449
2004 5899
2004 6399
2004 7033
2004 7038
2006 4215
2007 5130
2008 4695
2008 6963
2009 5346
2010 2154
2011 4821
2011 6697
2012 3976
2012 4991
2013 4867
2013 5139
2014 2262
2014 5462
2014 5650
2015 5902
2015 6374
2015 6933
2015 7007
2016 3111
2017 3115
2017 5410
2017 7084
2018 5117
2018 6181
2018 6465
2018 6470
2019 4195
2020 5740
2020 5906
2021 3045
2022 2635
2023 2147
2023 3972
2025 4252
2026 2506
2026 3340
2026 4732
2027 2457
2028 2299
2028 6554
2030 7127
2032 4169
2032 4229
2032 6511
2034 7053
2035 4335
2036 2429
2036 3134
2036 3867
2037 2207
2038 4458
2038 5763
2039 4876
2040 2062
2040 2441
2040 5382
2040 6996
2041 2147
2042 2275
2042 2579
2042 4043
2043 6605
2044 5364
2044 6983
2044 7151
2045 5408
2047 6585
2048 2691
2049 7061
2050 4045
2051 2865
2051 5865
2052 3862
2052 5162
2053 4709
2053 5196
2055 2361
2055 4124
2055 5629
2056 6653
2057 2885
2057 5915
2057 6226
2058 3146
2058 5543
2059 2197
2060 2074
2060 2181
2060 6280
2061 2340
2061 6698
2063 3171
2063 5015
2063 6229
2064 4245
2064 4886
2065 2932
2065 3444
2066 3689
2067 3958
2068 2098
2068 7171
2069 3215
2069 5307
2069 6360
2070 5219
2072 2439
2072 2719
2072 7173
2073 2328
2073 3036
2075 2273
2075 3701
2076 2860
2077 3103
2078 4329
2078 4638
2078 5657
2079 5280
2080 4232
2080 5217
2080 5871
2081 3980
2081 6860
2082 4056
2082 6784
2083 3501
2083 4366
2083 5815
2084 6583
2085 3632
2087 2766
2087 3157
2088 4333
2089 6161
2090 2862
2090 3006
2091 4842
2091 4958
2091 5785
2091 7072
2092 4479
2093 4291
2094 6074
2096 3630
2097 2371
2097 5995
2099 4964
2101 3353
2101 3906
2103 4290
2104 4934
2104 5413
2104 5911
2104 6830
2105 2374
2105 4214
2105 6372
2106 4363
2107 2579
2108 2300
2108 4380
2108 5443
2109 5131
2110 2386
2110 4908
2111 5426
2112 7077
2113 2246
2114 5132
2114 5349
2115 3967
2115 5909
2116 3625
2116 6241
2116 6523
2117 4327
2118 2666
2118 4606
2118 6050
2119 3489
2119 6443
2119 6608
2120 2842
2120 4451
2120 6200
2121 3504
2122 6654
2123 2443
2123 4432
2123 7133
2124 5225
2124 6179
2124 6932
2126 3409
2126 6592
2127 4463
2127 5657
2127 6305
2128 5671
2128 6574
2130 4022
2131 3059
2131 4795
2132 3223
2132 3649
2133 5864
2134 2195
2134 3573
2134 3984
2134 6844
2135 2274
2135 2317
2135 5477
2135 6635
2136 5514
2137 2944
2137 4229
2139 5197
2139 5348
2140 3197
2140 5661
2141 3917
2144 5247
2145 2376
2145 2820
2145 4730
2146 4871
2146 7073
2148 2537
2148 2956
2148 7150
2149 6347
2150 5257
2151 2194
2151 3638
2152 2544
2152 5925
2152 6128
2154 5852
2156 4034
2157 3429
2158 5872
2159 2438
2159 2696
2160 3671
2161 5265
2161 5301
2162 3106
2162 5219
2163 4862
2163 5872
2164 3797
2165 6088
2165 6811
2167 4241
2168 4146
2169 3553
2169 6488
2170 2514
2170 3307
2171 2920
2171 3712
2171 4074
2172 2947
2172 4473
2173 4770
2173 6226
2173 6411
2175 2360
2175 2386
2175 6963
2176 3811
2176 5762
2176 5961
2176 7118
2177 6419
2178 4632
2178 5745
2178 7014
2179 3534
2179 4447
2179 5344
2179 5516
2179 5847
2180 2339
2180 3169
2180 3241
2181 3883
2181 4679
2181 6573
2182 3423
2182 3931
2182 5334
2183 3811
2184 3591
2184 5730
2185 6470
2186 4444
2186 6499
2187 3841
2187 4145
2187 5363
2188 4484
2189 3800
2190 3101
2190 5992
2191 3466
2191 4115
2191 4497
2192 3840
2193 2245
2193 2541
2193 2582
2194 3348
2195 3987
2195 6324
2196 3462
2196 6074
2196 6838
2197 2897
2198 4053
2199 4744
2200 4173
2203 4970
2203 5845
2204 3317
2204 6243
2205 6198
2205 6739
2206 5282
2206 5353
2206 7040
2208 2240
2209 6153
2209 6298
2210 3593
2210 4042
2210 5880
2211 2243
2211 5643
2211 5763
2212 4110
2213 3656
2213 6569
2214 3830
2215 2917
2215 3946
2215 6469
2216 4375
2217 2224
2217 6843
2218 2818
2219 5439
2219 6618
2220 6618
2220 6982
2221 5701
2222 3081
2222 4772
2224 4232
2224 4736
2225 5235
2226 6154
2226 6660
2227 3319
2227 3930
2227 6199
2228 6954
2229 2803
2229 5494
2229 5543
2230 2578
2231 2420
2231 3281
2231 5037
2232 5317
2232 5973
2232 6460
2233 3689
2233 7023
2234 5384
2235 2327
2235 4001
2235 4128
2237 3848
2237 5688
2237 6101
2238 5716
2239 4530
2240 4003
2241 4710
2241 6369
2242 4809
2242 6805
2244 2271
2245 3087
2245 3627
2245 6609
2245 7170
2246 5466
2246 6218
2246 6352
2246 6453
2248 4157
2248 4957
2248 6020
2249 6543
2250 2466
2250 4639
2251 6152
2252 3695
2254 4585
2255 2678
2257 4337
2257 4802
2258 3286
2259 4352
2260 5004
2260 5040
2260 6474
2261 3958
2261 4188
2262 5681
2263 5306
2263 6537
2264 3362
2264 4986
2265 2494
2265 4595
2265 6323
2266 4131
2267 4798
2268 6942
2268 7020
2269 3403
2270 3499
2272 6242
2273 6854
2273 7003
2274 2374
2274 5661
2276 3239
2276 4457
2276 5467
2277 2906
2277 3252
2277 3406
2277 7054
2279 6013
2280 2350
2280 4774
2281 4395
2281 4964
2282 5605
2283 4646
2283 6978
2283 7036
2284 2780
2285 3589
2285 3753
2285 6216
2286 2629
2286 4259
2287 4110
2287 6072
2289 4518
2289 5654
2290 6301
2291 3673
2292 3671
2292 4043
2292 4847
2292 6178
2292 6355
2293 4131
2293 4165
2294 3629
2294 7029
2296 5580
2296 6070
2297 2746
2297 3979
2299 2359
2299 2563
2299 6083
2299 6428
2300 2728
2301 3714
2301 3908
2302 5813
2302 5891
2303 5647
2303 6306
2304 3378
2304 3610
2304 5524
2305 4754
2305 5321
2306 2795
2306 5743
2306 6660
2307 2341
2307 2618
2308 6582
2308 7157
2309 7082
2310 4226
2311 4239
2311 4755
2312 5202
2313 2625
2313 3697
2313 4723
2313 6851
2315 4594
2317 2681
2317 5898
2318 4021
2319 5050
2320 6511
2321 6142
2321 6909
2322 3217
2323 2815
2323 5187
2324 4565
2324 6764
2325 4706
2327 4947
2328 2376
2328 4613
2328 6394
2329 2519
2330 3061
2330 5951
2331 5860
2331 6499
2332 5117
2332 5245
2332 6313
2333 2701
2333 2892
2333 3709
2334 7151
2335 4760
2337 5587
2337 6797
2339 3299
2339 4503
2340 4084
2340 6256
2342 3854
2343 4158
2344 3141
2344 6430
2345 5403
2346 5324
2347 2489
2347 3774
2347 6587
2348 3478
2348 3907
2350 4048
2351 2978
2352 5551
2352 6936
2352 6957
2353 3204
2354 3118
2354 3600
2354 4836
2354 6913
2355 3623
2356 3767
2358 3213
2358 4675
2359 5290
2362 4699
2363 3508
2364 6210
2364 7088
2365 3220
2365 5014
2366 2495
2366 5126
2367 3427
2367 5146
2368 3550
2368 5325
2368 5782
2369 7101
2370 3240
2371 2972
2371 4162
2371 5195
2371 6185
2373 2399
2373 2667
2373 4666
2374 5662
2375 4850
2375 5769
2375 7172
2376 3151
2376 6463
2376 6556
2377 5239
2379 4051
2380 4716
2381 3851
2382 6092
2382 7126
2383 6565
2384 2700
2384 4389
2384 7068
2385 4786
2385 5710
2386 3158
2386 3324
2386 5351
2386 5834
2387 6542
2388 6778
2389 2395
2389 6053
2390 4096
2391 4192
2391 6621
2392 5285
2392 5783
2393 4037
2393 4546
2393 6482
2393 7167
2394 3543
2394 4349
2395 5478
2395 5690
2395 6353
2396 5367
2397 3921
2397 7038
2399 3210
2400 5227
2401 4908
2401 5592
2402 4433
2402 5956
2403 3418
2403 3522
2403 6137
2404 3007
2404 4130
2404 4772
2406 5171
2407 3694
2408 7018
2410 2659
2410 4803
2410 6568
2411 2542
2411 2922
2411 6781
2412 3225
2412 4039
2412 5214
2413 6048
2413 7114
2414 3206
2414 6619
2415 5016
2415 5475
2416 5128
2417 5649
2418 4996
2418 5549
2419 3896
2420 3825
2420 6107
2420 6851
2421 5428
2422 3614
2422 4488
2422 4599
2423 2577
2423 2989
2423 3818
2424 4588
2426 4138
2426 6331
2426 7161
2427 2483
2427 5180
2429 2889
2429 3785
2429 4424
2430 3790
2430 7028
2431 6213
2432 6707
2433 3454
2433 5101
2434 2515
2434 2633
2434 2875
2434 6038
2434 6440
2435 5522
2436 3089
2437 5127
2438 4276
2438 5479
2440 3323
2440 6424
2441 4661
2443 2566
2443 5641
2444 4990
2446 3090
2446 4266
2447 5032
2448 4696
2449 5151
2449 5257
2449 5865
2449 6025
2450 5065
2451 4870
2452 2804
2452 3031
2452 5946
2452 6011
2453 5167
2453 6026
2454 3414
2454 3445
2454 4149
2455 5541
2456 4806
2457 6698
2458 5801
2459 2691
2459 5746
2460 3122
2461 3305
2461 6133
2461 7136
2463 3658
2463 4490
2463 6501
2463 7080
2464 6401
2464 6708
2465 4389
2465 4717
2465 7049
2466 4154
2467 5931
2468 3630
2469 3251
2469 3871
2470 2700
2470 4269
2470 5770
2471 2515
2471 3675
2471 3966
2471 3989
2473 6710
2474 6339
2475 2825
2476 3789
2476 5110
2476 6313
2476 7090
2477 3316
2477 4656
2477 5627
2477 6453
2478 2879
2478 6154
2478 6229
2479 6335
2480 4608
2482 2993
2482 3319
2482 5400
2483 5798
2483 5886
2483 6587
2484 3898
2485 6335
2486 5383
2486 5651
2486 6957
2487 4813
2487 5577
2488 4585
2489 5642
2490 2724
2491 4773
2491 5446
2491 5854
2491 6112
2492 6938
2493 5316
2493 5768
2495 4422
2495 4811
2495 5822
2496 3844
2496 6094
2497 3120
2497 5521
2497 6875
2498 3035
2498 3102
2498 4859
2499 4738
2500 5439
2500 5619
2502 4636
2502 6703
2503 5559
2503 6701
2504 4340
2505 5430
2505 6217
2506 3004
2508 3732
2508 5131
2511 4769
2511 6192
2512 4842
2513 4612
2513 6884
2514 6943
2515 6354
2516 3410
2517 6753
2518 5866
2520 6997
2522 4330
2522 5166
2523 6800
2524 3393
2524 6839
2525 5317
2525 6945
2526 4126
2526 4594
2526 6884
2527 3558
2529 2602
2529 4258
2529 6984
2530 3241
2530 5974
2530 6580
2532 3157
2532 6277
2533 2568
2534 4750
2535 2753
2535 6816
2535 7121
2536 4422
2536 5712
2538 3536
2538 4702
2539 4930
2539 6699
2543 3927
2543 6079
2544 5490
2545 3431
2545 6225
2546 3429
2546 6160
2547 6954
2548 3563
2548 3905
2549 2829
2549 3185
2550 2856
2550 3371
2552 6926
2553 4102
2554 3796
2555 4764
2556 6521
2557 3810
2557 5297
2558 3840
2558 4648
2558 6754
2559 3140
2560 3665
2563 3408
2563 5006
2563 6309
2564 3301
2564 6109
2564 6890
2564 7143
2565 6379
2566 4480
2566 6697
2567 4295
2568 4160
2568 4561
2570 5360
2570 5722
2571 3014
2571 5975
2572 4462
2573 5421
2573 6380
2574 3294
2574 3966
2574 6618
2575 5616
2576 6212
2577 5239
2577 6863
2578 3693
2580 4566
2581 5950
2581 6879
2582 3523
2583 3010
2583 4600
2584 5301
2586 4443
2587 5724
2587 5779
2587 6682
2589 3324
2590 2809
2590 4275
2590 4409
2590 6597
2591 4679
2592 2679
2593 2845
2594 4398
2594 6376
2595 5322
2595 5374
2595 5396
2596 3801
2596 6731
2597 7149
2598 6812
2599 3315
2600 5852
2601 6220
2601 6778
2603 5833
2603 6662
2604 4313
2604 4976
2604 6268
2605 4697
2605 5363
2605 6732
2606 4028
2606 5504
2607 2958
2607 2986
2607 4606
2608 2676
2608 5889
2610 3268
2610 4488
2611 3280
2612 4835
2613 4855
2614 3768
2615 4121
2616 3052
2616 4725
2617 6502
2618 7045
2619 7123
2620 2863
2620 4862
2620 5213
2621 3403
2621 4675
2622 4977
2625 7063
2627 3674
2627 4068
2628 6277
2629 4415
2629 6149
2630 4146
2632 3289
2632 4474
2633 2934
2633 6781
2634 3005
2637 5824
2638 4090
2639 3886
2639 6987
2640 3976
2641 2790
2642 2904
2642 4022
2643 4928
2644 5274
2644 6676
2645 2769
2646 2682
2646 5525
2647 5044
2649 5165
2650 3281
2651 6321
2651 6868
2652 4364
2652 6733
2653 2882
2653 6471
2654 3368
2654 5954
2655 4602
2656 3136
2656 4478
2657 6269
2658 3936
2658 4544
2658 6157
2659 2797
2659 3509
2659 3707
2661 5867
2662 4400
2663 3503
2663 6736
2665 3918
2666 3962
2666 5267
2667 3689
2668 3509
2669 5045
2670 5405
2670 5796
2671 3971
2671 4552
2671 5464
2672 5791
2672 6942
2673 3488
2673 5425
2673 5871
2674 5095
2674 5236
2675 6518
2676 4915
2676 5243
2677 3703
2677 3768
2677 5500
2678 7133
2680 6419
2681 5171
2681 5800
2681 6696
2682 5696
2683 2916
2683 2918
2684 5512
2684 6680
2685 2943
2685 4782
2685 6710
2686 5421
2688 2957
2690 4621
2690 4869
2690 7095
2691 3766
2692 3037
2692 6210
2692 6490
2693 6087
2694 4010
2694 7167
2695 2783
2695 2999
2695 3214
2695 4043
2695 4152
2696 4518
2696 6234
2697 3343
2697 6821
2698 4401
2698 4413
2699 3017
2699 4386
2700 3727
2700 4098
2701 3172
2701 3793
2702 4312
2703 5632
2703 6288
2704 3965
2704 4714
2704 5638
2705 5267
2706 6939
2707 5646
2707 5924
2708 4242
2709 6987
2710 5603
2712 5044
2712 5326
2713 2745
2713 6860
2714 3723
2715 5526
2716 4675
2717 3559
2717 3679
2717 6043
2718 4343
2718 7072
2720 5654
2721 5304
2721 5540
2722 4462
2723 4768
2725 3844
2725 6222
2726 4120
2727 4679
2727 6237
2728 3699
2728 6837
2729 3182
2729 3300
2729 4275
2730 5403
2732 3751
2732 5385
2732 5963
2733 6905
2734 4090
2734 5326
2735 4308
2735 7054
2735 7060
2736 7023
2737 5144
2737 6842
2738 3171
2738 3345
2738 3626
2739 3977
2740 5249
2741 3343
2742 4437
2742 6680
2743 2757
2744 4072
2745 3505
2746 2961
2746 3230
2747 4787
2747 5541
2748 2992
2748 5835
2750 4210
2751 3642
2752 3864
2753 4001
2754 2823
2755 3303
2755 5464
2756 4226
2756 4440
2757 2791
2757 4286
2757 4421
2757 5956
2758 5372
2760 4567
2761 6650
2762 5579
2763 3058
2764 4870
2764 5147
2764 6467
2765 5042
2765 5781
2767 2983
2767 5480
2768 3725
2768 5482
2769 3052
2769 3835
2770 4926
2770 5451
2771 4818
2771 6291
2772 2984
2773 5583
2774 5548
2774 6429
2776 3007
2776 3118
2776 4443
2776 5253
2776 5570
2776 6168
2777 4508
2778 4267
2778 4969
2779 4427
2780 4722
2781 2922
2781 4144
2781 6066
2781 6496
2782 3677
2784 2927
2784 4553
2785 4520
2786 3702
2786 3783
2786 6402
2786 6532
2787 3272
2788 4821
2788 6289
2788 6617
2790 3161
2790 3452
2790 5648
2792 4406
2792 4753
2792 5237
2794 5405
2795 5165
2795 5680
2796 3386
2796 4058
2797 5034
2797 5812
2797 5913
2798 3361
2798 4640
2799 4083
2799 5082
2800 3824
2800 5238
2800 5292
2801 3683
2801 4975
2801 5735
2801 6254
2802 5357
2803 4905
2803 5932
2804 3328
2804 4887
2805 3864
2805 5492
2806 6386
2807 4713
2807 5048
2808 4522
2809 3331
2809 3337
2810 4215
2812 4880
2813 4047
2814 6657
2816 4464
2816 5487
2818 4342
2819 5801
2820 3379
2821 3380
2821 7127
2822 5099
2824 4127
2825 3347
2825 5097
2826 5413
2827 3237
2828 3632
2829 4525
2830 2890
2830 5052
2831 3441
2831 5991
2832 3789
2832 6204
2832 6873
2833 3204
2833 3657
2834 4609
2835 4165
2836 3409
2836 4116
2836 6779
2837 5627
2837 6711
2838 3394
2839 3242
2839 4618
2839 4862
2840 5643
2840 5792
2843 4071
2843 5917
2844 3392
2844 5408
2846 3128
2846 5396
2847 6686
2848 4034
2848 5188
2848 6386
2848 6795
2849 3194
2849 5820
2850 7124
2851 6923
2853 4224
2853 5647
2853 5969
2854 2978
2855 4069
2855 5314
2855 5835
2855 6656
2856 3791
2856 6684
2858 3523
2859 5979
2859 6334
2859 6615
2859 6768
2860 5121
2862 3600
2862 4110
2865 3625
2867 3140
2867 3179
2867 5257
2868 4921
2869 3273
2869 6084
2870 3302
2870 4563
2871 4119
2871 5316
2871 7143
2872 3428
2872 4265
2874 6393
2876 7032
2877 5940
2877 6637
2878 5569
2881 3030
2881 4756
2881 5341
2882 6345
2883 5452
2884 3373
2884 3898
2884 6104
2885 4146
2886 6001
2886 6594
2888 4969
2891 4543
2891 6187
2891 6951
2893 5511
2893 6193
2894 4893
2895 4159
2895 4564
2896 4767
2896 5074
2896 7150
2897 3485
2897 4776
2897 5146
2897 5721
2897 5754
2898 2969
2898 4380
2899 4309
2900 3481
2900 4141
2900 5049
2901 3745
2901 6856
2902 2981
2902 5224
2902 7143
2903 3476
2903 5857
2903 6767
2904 4041
2904 5221
2905 4501
2906 3053
2907 5075
2907 7132
2908 5535
2909 3026
2912 5268
2913 3385
2913 5528
2913 6435
2914 3531
2915 6539
2916 4034
2917 4836
2917 7139
2918 3423
2918 4028
2918 4860
2918 5030
2919 5816
2921 3395
2921 7030
2922 5671
2922 6702
2923 3514
2923 5244
2925 3524
2925 4680
2927 3547
2929 4781
2929 6676
2930 3019
2930 5325
2932 5324
2933 4223
2933 4781
2935 3395
2936 6010
2937 5051
2937 5358
2938 4273
2938 6826
2939 6324
2940 7108
2941 3356
2941 3511
2941 6160
2942 4316
2943 3920
2944 3560
2944 4012
2945 3472
2945 5807
2946 5155
2946 6307
2946 6926
2947 3570
2947 4418
2947 6563
2948 4804
2948 6525
2949 5250
2949 6281
2951 5394
2952 6079
2955 5567
2956 5415
2957 3439
2957 6884
2958 6726
2959 7121
2960 6737
2960 6921
2961 5059
2961 5452
2961 5542
2962 4651
2963 4770
2964 6417
2965 3850
2965 4853
2965 6165
2966 3064
2966 5545
2967 6878
2967 6924
2968 4354
2968 6426
2969 4087
2969 6511
2969 6634
2970 5966
2970 6115
2971 6010
2972 3372
2972 4009
2973 3215
2974 3968
2974 4475
2976 4834
2976 5664
2976 7108
2978 6404
2978 6513
2979 6706
2980 3301
2981 6130
2983 5295
2986 3509
2986 4582
2987 4673
2988 4894
2989 4591
2990 3876
2990 4229
2990 6176
2991 3582
2991 4588
2991 6557
2991 6649
2992 3033
2992 5996
2993 3554
2994 3328
2996 4164
2996 7023
2997 4068
2997 4847
2998 5440
2999 6981
3000 6949
3001 3055
3001 4683
3001 5994
3002 4708
3004 6057
3004 6994
3005 5106
3005 6065
3006 5637
3006 7176
3008 4212
3009 3644
3009 4015
3009 6431
3010 4092
3010 5022
3011 3678
3012 3626
3012 3756
3013 7056
3014 3788
3014 6510
3014 6737
3015 6498
3015 6973
3016 3100
3017 7109
3017 7175
3020 5721
3022 5557
3023 3455
3023 3837
3024 5919
3025 6540
3026 7011
3027 5224
3027 5436
3027 6668
3028 3255
3028 4446
3028 5298
3029 3756
3029 3803
3030 5760
3030 6743
3031 6221
3032 4299
3033 6292
3034 4788
3037 3990
3037 4464
3037 4846
3038 5555
3038 7146
3039 6563
3040 3097
3040 5234
3040 5771
3041 4392
3041 4660
3044 6105
3045 3937
3046 3084
3047 6760
3048 5587
3049 5384
3050 6119
3051 4233
3051 5991
3054 6128
3054 7051
3055 6758
3056 6481
3057 5927
3059 3958
3059 7007
3060 5350
3061 3903
3061 4994
3061 6103
3062 4130
3062 4503
3063 6421
3064 6369
3065 3651
3066 5998
3067 5763
3067 6918
3069 3941
3069 6603
3069 6966
3070 3354
3070 5699
3071 6011
3072 5188
3072 5275
3073 5619
3073 6589
3074 5895
3075 3563
3076 5668
3076 6957
3078 6982
3079 6137
3079 6842
3080 3780
3080 4172
3082 3807
3083 4090
3083 4540
3084 3449
3085 3547
3086 5044
3086 5897
3086 6525
3087 5197
3087 6738
3088 5037
3088 5335
3089 3930
3089 7078
3090 4052
3090 6665
3091 3756
3092 3834
3092 5777
3092 7053
3093 4403
3093 4423
3093 6993
3094 3820
3094 5461
3094 6021
3096 6067
3098 6959
3099 4225
3099 4619
3099 5033
3100 3938
3101 6109
3102 3925
3103 4952
3103 6931
3104 4935
3104 5781
3104 5984
3105 4139
3105 6706
3107 4767
3109 5251
3109 6923
3110 5554
3110 6107
3111 3421
3112 6197
3113 6185
3113 6283
3113 6669
3114 5786
3115 6395
3116 6759
3117 7092
3119 5232
3119 5873
3121 4107
3121 5210
3121 6494
3122 4075
3123 3245
3124 3321
3125 4005
3126 4494
3126 6855
3127 3508
3127 3763
3127 3770
3127 5925
3128 3637
3130 7081
3131 6162
3132 3795
3135 5241
3135 6880
3136 4411
3136 6085
3137 6197
3138 3673
3138 4263
3138 5843
3139 3437
3140 3874
3140 6067
3140 6895
3141 3536
3141 5605
3142 4123
3143 6283
3143 6402
3143 6937
3145 6543
3145 6610
3146 3451
3146 6652
3147 3344
3147 4379
3148 3634
3148 3644
3148 4382
3148 5887
3149 6220
3149 6485
3149 6678
3150 4567
3150 5850
3150 6969
3152 5221
3153 3552
3153 4072
3154 5086
3155 4151
3155 6090
3156 4869
3158 5854
3159 5738
3159 6333
3159 6921
3160 4381
3160 6149
3161 6207
3162 3190
3162 6038
3163 4884
3163 6257
3164 3267
3164 3737
3164 4439
3165 4084
3165 4870
3165 4948
3165 5037
3166 3481
3166 4332
3168 5242
3169 3663
3171 5127
3171 6583
3172 3414
3172 4237
3172 5876
3174 5817
3174 6412
3174 6996
3175 5739
3176 5800
3177 3573
3177 6274
3178 3538
3180 3726
3180 5823
3181 6047
3184 3562
3185 4294
3186 3895
3186 4841
3186 5616
3187 4098
3187 5165
3188 7019
3189 4868
3189 5598
3190 4088
3190 6161
3191 5909
3193 5073
3193 6785
3195 4027
3195 6250
3196 4887
3198 4879
3199 4805
3200 3513
3201 3218
3201 6224
3202 4661
3202 6292
3202 6507
3203 3561
3203 4013
3204 5051
3205 5078
3205 7077
3206 5287
3207 5029
3207 6760
3208 4639
3209 5799
3209 5883
3210 7031
3211 6138
3212 3236
3212 4211
3213 3858
3213 3959
3213 5613
3216 7061
3217 3828
3217 3831
3218 7079
3219 5887
3220 5543
3220 6949
3221 4443
3221 5993
3221 6529
3222 4066
3222 4352
3222 4676
3222 5353
3224 4705
3225 6856
3226 6105
3227 5366
3228 4201
3228 5223
3229 6386
3230 4625
3230 5368
3231 4015
3231 4766
3232 4458
3232 5740
3232 5955
3234 3950
3235 6094
3236 3850
3236 5034
3237 5669
3238 3705
3241 5532
3243 5364
3244 6565
3245 4559
3245 5503
3247 4531
3247 7089
3247 7177
3248 6939
3249 5375
3249 6364
3251 4665
3251 6365
3252 4803
3252 5904
3252 6533
3253 3672
3253 3829
3253 4389
3253 4757
3253 5468
3254 6719
3255 3838
3256 4032
3256 5797
3256 6348
3257 3968
3259 4900
3259 5399
3260 3309
3260 6797
3261 3873
3261 6390
3263 4472
3263 5366
3263 6604
3264 6751
3265 4576
3266 3828
3266 4334
3266 6082
3267 6857
3268 5897
3269 4894
3269 5191
3269 5453
3269 6654
3270 3502
3272 3504
3272 4977
3273 3516
3273 4965
3273 5362
3274 4511
3276 4878
3277 6193
3278 4220
3280 3877
3280 4584
3280 6612
3281 5918
3282 3851
3282 6814
3283 6536
3284 7016
3286 5624
3287 6282
3288 5518
3289 5094
3289 6106
3290 6004
3291 4176
3291 5566
3292 3836
3292 6363
3293 3531
3293 7145
3294 6413
3295 5797
3296 3759
3296 5221
3296 5611
3297 6004
3297 7041
3298 4604
3298 5725
3300 5591
3300 7134
3303 4151
3303 6799
3304 5678
3305 6458
3306 3708
3308 7110
3309 3497
3310 6158
3311 3845
3311 4674
3312 6808
3313 4800
3313 5174
3314 5308
3315 4944
3315 6351
3315 6421
3315 6475
3318 3619
3318 5190
3320 4531
3320 5389
3320 6443
3323 5247
3325 4758
3326 5401
3326 5541
3326 5696
3327 5206
3328 4153
3329 6104
3333 3695
3334 5974
3335 6706
3336 4742
3336 4945
3338 4309
3339 3729
3339 4477
3339 4938
3339 6457
3340 7092
3341 5342
3341 5992
3341 6208
3342 6487
3345 4147
3345 7108
3346 4167
3350 4670
3351 6723
3352 6587
3353 7159
3354 4978
3354 6255
3355 4586
3355 5037
3357 4920
3357 7005
3358 6501
3359 5817
3360 5634
3361 4763
3362 4958
3362 6666
3363 4635
3363 6178
3364 4091
3364 4341
3364 5305
3365 4065
3367 4414
3368 4114
3368 6560
3369 4194
3369 5401
3369 6614
3369 7017
3369 7156
3370 4980
3371 3629
3371 6046
3371 6263
3373 5415
3375 5252
3376 5209
3377 4082
3377 4691
3377 5057
3378 5371
3381 4361
3383 5513
3384 6223
3384 7009
3386 5332
3387 4410
3387 6111
3388 4895
3389 6211
3390 3869
3390 6574
3391 5420
3391 6916
3392 3679
3392 6381
3394 3650
3397 4687
3397 6000
3397 6448
3398 3858
3399 5944
3400 4504
3400 4995
3403 3700
3404 4807
3405 6693
3406 4551
3406 4861
3406 5573
3407 5613
3408 3529
3409 3632
3409 6235
3410 5122
3410 5630
3411 6708
3412 6115
3413 4756
3414 5834
3416 3742
3416 3962
3416 6617
3417 5413
3417 6318
3418 5534
3419 4712
3420 6449
3422 5410
3424 6880
3425 6927
3427 3593
3427 6071
3428 3792
3429 5262
3429 6649
3430 4041
3430 6638
3430 6928
3432 5839
3432 6262
3433 5073
3434 4246
3434 5842
3435 6341
3437 5177
3439 5439
3440 6188
3443 4309
3443 4626
3443 5125
3443 6625
3444 4042
3444 5906
3447 3780
3447 4077
3447 6207
3448 5947
3449 6981
3450 3510
3450 7091
3451 6066
3452 5055
3453 6734
3454 3988
3454 4355
3455 3988
3455 4666
3455 5274
3455 5714
3456 5119
3456 7005
3457 5359
3458 6043
3460 5410
3460 6524
3461 5710
3462 5135
3462 5707
3463 5330
3463 7147
3464 7022
3465 5776
3465 6571
3466 5319
3468 7073
3469 5940
3469 6031
3470 5634
3472 4443
3472 6059
3473 6822
3474 5257
3475 3906
3476 4255
3477 4041
3478 4135
3478 7123
3480 4396
3480 5307
3480 6530
3481 6377
3482 5793
3485 7102
3488 6283
3490 3597
3490 4787
3491 7033
3492 6715
3493 4157
3494 4751
3495 3871
3496 4000
3496 4320
3497 4173
3497 5868
3498 3955
3498 5358
3499 6353
3499 6692
3500 4860
3500 6238
3500 6435
3502 5114
3502 7026
3503 4459
3503 4651
3505 3777
3505 4052
3507 4476
3507 4906
3508 5828
3508 6923
3510 6013
3510 6644
3511 5606
3512 4039
3512 5823
3513 5488
3515 4616
3515 5599
3515 6975
3516 4529
3516 5841
3516 5914
3517 4650
3518 4610
3518 5335
3519 6214
3520 5680
3521 5735
3525 7010
3526 5103
3526 5122
3527 6308
3527 6883
3528 5681
3530 4517
3530 7035
3531 5157
3531 5401
3531 6021
3532 4142
3535 4370
3537 4013
3538 5734
3539 6134
3539 6675
3541 5719
3542 3754
3542 4600
3543 4407
3544 5861
3544 6605
3544 6963
3546 4394
3547 6346
3548 5357
3548 7011
3549 4634
3551 5203
3552 6206
3553 4038
3554 7129
3556 5016
3557 6039
3558 4501
3558 5423
3560 5207
3561 4194
3561 4562
3562 6340
3564 6635
3565 6493
3566 6753
3567 3646
3567 4610
3567 5739
3568 5599
3569 5615
3569 5931
3570 5971
3571 4390
3571 6704
3573 5299
3574 4182
3575 5912
3575 6958
3576 6706
3577 5402
3579 5017
3579 5218
3580 5216
3580 6414
3581 5467
3582 5184
3582 6363
3583 4231
3583 4505
3583 6021
3584 3658
3584 3994
3584 5907
3585 4113
3585 6234
3586 7125
3587 3737
3588 3776
3588 5067
3588 6542
3589 5316
3590 4609
3591 4019
3592 5776
3595 4626
3596 5161
3596 5965
3596 6027
3598 6557
3601 4097
3601 7144
3602 5929
3604 6180
3605 4124
3607 6715
3609 3977
3609 4659
3609 6170
3611 6859
3612 5471
3612 5985
3613 6613
3614 6100
3616 5074
3617 6228
3617 6521
3618 4637
3618 5728
3619 4374
3619 5705
3620 4373
3620 6544
3622 4816
3622 5053
3623 3877
3623 5291
3624 3817
3624 3873
3624 4898
3624 6223
3625 6571
3627 6488
3628 4242
3628 6915
3630 5913
3631 6413
3633 4610
3633 5592
3633 6921
3635 4804
3636 6089
3638 5422
3639 6781
3640 5716
3640 5899
3642 5150
3644 5685
3645 5004
3645 5283
3647 3989
3647 5073
3649 4727
3650 3684
3650 5567
3651 4278
3652 5111
3653 6107
3654 4238
3656 4612
3656 4925
3658 7076
3660 3885
3661 4143
3661 5326
3661 5517
3661 6601
3662 3818
3664 6035
3665 3948
3665 4781
3665 5245
3666 6097
3667 4571
3667 6301
3669 4273
3669 4660
3669 4830
3671 4498
3672 4468
3673 4689
3673 5095
3674 7016
3675 5760
3676 6414
3677 3890
3677 4762
3677 4923
3677 6659
3677 6997
3678 4518
3678 7173
3679 3745
3679 3791
3679 3913
3679 4196
3679 5449
3679 6610
3680 3695
3680 4730
3681 4664
3681 4988
3682 5996
3683 7023
3685 5846
3685 6228
3686 5380
3687 3834
3687 6772
3689 4629
3689 6472
3690 3971
3691 5719
3692 5077
3692 5758
3694 5850
3696 5036
3696 6903
3696 7028
3697 4471
3697 5481
3699 4229
3699 6603
3699 6773
3700 4359
3700 5810
3701 5311
3702 5034
3704 4875
3705 3907
3706 4874
3707 6946
3710 4220
3710 4645
3711 7036
3712 6073
3712 6577
3713 4844
3716 5472
3716 6727
3717 3927
3718 6165
3718 6872
3719 4310
3720 4341
3720 5169
3720 6338
3723 6357
3723 7177
3728 5197
3729 5154
3731 6566
3732 3826
3734 4189
3734 5063
3734 6417
3735 4178
3736 6214
3737 4752
3738 4543
3739 4170
3739 4242
3739 4479
3740 4184
3740 7103
3742 5436
3743 5966
3744 4078
3746 6375
3747 6253
3748 5324
3750 3772
3750 5301
3750 6384
3752 5488
3752 6794
3753 4564
3753 4708
3754 7157
3755 5128
3757 6598
3761 4372
3761 6035
3762 4539
3768 4614
3769 4203
3769 6450
3770 4916
3771 5978
3772 4115
3772 5253
3772 6086
3773 5241
3773 6976
3774 4774
3775 5009
3777 5218
3778 6452
3779 4208
3780 4938
3781 3819
3782 4082
3782 5033
3782 5652
3783 6105
3783 6279
3783 7169
3784 6973
3784 7057
3786 4213
3786 5245
3787 6125
3788 4292
3788 5756
3789 6223
3794 5691
3795 7025
3796 4507
3798 4634
3799 5159
3799 6153
3799 6781
3800 4527
3802 4599
3802 6030
3803 6719
3804 6840
3805 5571
3806 5434
3806 5647
3806 6266
3807 3992
3807 4514
3808 5942
3809 4172
3809 4584
3809 5084
3811 5021
3811 5939
3812 6995
3813 7065
3815 5850
3816 6669
3817 4644
3818 7115
3819 5951
3820 4035
3820 5182
3821 3909
3821 5832
3821 6076
3821 6708
3822 3947
3824 4760
3826 4526
3826 5904
3826 7126
3827 4057
3828 6139
3831 4521
3832 6175
3833 5475
3835 4804
3836 5967
3837 4864
3837 5984
3838 4669
3838 6443
3838 6504
3842 4215
3842 4587
3842 5270
3846 4605
3847 7164
3849 4815
3850 6737
3851 4518
3852 4055
3853 7172
3854 6159
3855 4148
3855 5025
3855 5179
3855 6040
3855 6186
3855 6963
3856 4708
3856 5916
3857 5343
3858 7034
3859 6327
3861 4719
3861 6269
3863 4323
3863 4333
3863 4404
3867 4026
3868 5491
3868 6502
3869 6297
3870 4382
3870 5829
3870 6940
3871 6793
3872 6311
3872 6510
3874 4510
3875 4416
3875 4710
3875 5273
3875 5868
3878 5983
3880 5259
3880 5965
3881 5262
3881 6645
3882 6803
3883 5323
3883 6054
3886 4955
3887 4380
3889 4335
3889 6055
3890 6386
3891 4796
3894 4216
3896 4906
3896 5372
3897 4254
3899 6004
3900 5135
3900 7029
3901 5535
3902 4040
3904 5790
3904 6350
3905 4501
3905 6849
3906 5675
3906 6523
3907 5428
3911 4520
3912 4636
3912 5238
3912 6505
3913 6125
3914 5718
3915 4589
3918 6514
3919 5330
3919 6343
3920 4949
3921 6418
3922 5809
3922 6667
3923 3925
3923 4814
3923 5569
3923 5893
3924 6665
3924 6887
3925 5065
3926 4957
3927 6851
3928 7182
3929 6975
3931 4182
3931 5542
3932 4975
3933 4598
3934 5948
3934 6906
3935 5489
3936 4674
3936 4972
3936 5880
3936 6941
3937 5909
3939 5330
3939 7072
3940 4739
3944 5353
3944 5368
3944 6662
3945 4472
3946 6893
3950 4178
3951 6493
3952 4684
3953 4884
3953 5098
3954 5724
3955 4444
3956 4740
3957 4383
3958 4866
3960 4006
3960 4362
3962 3974
3962 5565
3963 4665
3964 5109
3965 4243
3965 6008
3965 6990
3966 4188
3967 3969
3969 4469
3970 5067
3972 4451
3973 6870
3974 4824
3974 6679
3975 4450
3975 6024
3978 6610
3979 4823
3980 4230
3980 4292
3980 5229
3981 5348
3983 6676
3985 4499
3986 4468
3986 5686
3987 5667
3989 4418
3989 5605
3989 6124
3990 5223
3990 6927
3990 7092
3991 5157
3991 7012
3993 4236
3995 5767
3995 6194
3996 6541
4002 6522
4003 5970
4003 6645
4004 4436
4004 5890
4004 6243
4005 6369
4005 7087
4006 4038
4007 4373
4007 5065
4008 4186
4008 5192
4008 5748
4009 5060
4010 4879
4010 6495
4011 4372
4011 6450
4012 5753
4013 4128
4013 5556
4014 6343
4014 7027
4016 4797
4017 4999
4017 6681
4018 4390
4021 5321
4021 6247
4021 6709
4021 6863
4021 6878
4022 4872
4023 4689
4023 7064
4024 4096
4026 4517
4027 4439
4027 4464
4027 5325
4027 6021
4028 4384
4028 5314
4028 5453
4028 5466
4028 6978
4028 7001
4032 6428
4032 6622
4032 7029
4033 4755
4034 4155
4036 6429
4038 6085
4040 4634
4040 5011
4043 4532
4043 5246
4043 5441
4044 4241
4044 4325
4047 4656
4048 4665
4048 6031
4049 4481
4050 4955
4053 4483
4053 6348
4054 5437
4059 6270
4060 4912
4060 6368
4060 6761
4061 4812
4062 5958
4062 6626
4063 7008
4065 5454
4065 6847
4066 5348
4066 6531
4067 5599
4068 5953
4069 6230
4069 6253
4070 4147
4070 4749
4071 6878
4072 5652
4073 4836
4074 4808
4075 4149
4076 5475
4077 4739
4078 4992
4078 5601
4079 5050
4080 7020
4082 4801
4083 6486
4084 6220
4085 4676
4085 5306
4085 6562
4086 4395
4087 5969
4088 5273
4089 5169
4090 4989
4090 5356
4090 6474
4092 5386
4094 6586
4094 6786
4095 5222
4095 7066
4095 7160
4096 4812
4097 4557
4100 5697
4101 4302
4101 6320
4103 6487
4104 5023
4105 4497
4106 5089
4106 6350
4106 6643
4107 4143
4107 4456
4108 4434
4108 4674
4109 6091
4109 6723
4111 5608
4111 6556
4111 6704
4112 4218
4112 6089
4113 5189
4113 5430
4114 4596
4114 6925
4117 5614
4118 4181
4118 6692
4120 4299
4120 4769
4120 6518
4123 4920
4124 5144
4124 6558
4124 7003
4125 4867
4125 6102
4126 6075
4127 4886
4127 6140
4128 5689
4130 4326
4131 4160
4134 5090
4134 5674
4134 6271
4135 6995
4136 6135
4136 6757
4137 6552
4137 6658
4141 6543
4142 5433
4144 5961
4146 4249
4146 6788
4147 6257
4148 5092
4150 5088
4150 5331
4150 6456
4151 6589
4151 6886
4152 5799
4156 4638
4156 5973
4156 6401
4161 4944
4163 4415
4164 5051
4166 5663
4167 5185
4167 5575
4167 6977
4167 7041
4168 6926
4169 4272
4169 6072
4170 5731
4171 4791
4174 7045
4175 4406
4175 6437
4176 6089
4177 6904
4178 4954
4182 4485
4183 4836
4184 4251
4184 6751
4185 4528
4185 4714
4185 4855
4185 5866
4185 5889
4187 5103
4187 7102
4188 6182
4188 6381
4189 4627
4191 6574
4192 5679
4192 6163
4193 4885
4193 6238
4194 6914
4195 5618
4196 6185
4197 4813
4197 6435
4198 4719
4198 5965
4198 7173
4199 5260
4199 6745
4200 6507
4201 6603
4204 6162
4205 4982
4205 5370
4207 5552
4208 7147
4210 5493
4210 6685
4212 6454
4214 5213
4214 5229
4215 5916
4217 6072
4218 4913
4218 6237
4219 5536
4221 5037
4227 6803
4228 5671
4229 5714
4229 6699
4230 4597
4230 6589
4232 4918
4232 5544
4233 5790
4238 4469
4240 5097
4241 6371
4242 5056
4243 6528
4244 4721
4244 6427
4246 4519
4247 6347
4248 4763
4248 5611
4249 5134
4250 4574
4250 5181
4250 5648
4250 6921
4251 4765
4252 6725
4253 4549
4254 5417
4254 7082
4256 5955
4259 5257
4261 5609
4262 5460
4263 5848
4263 5949
4264 5946
4264 6090
4265 5842
4267 5675
4268 4691
4268 5687
4270 4288
4270 5661
4271 4481
4271 5222
4271 6120
4271 6819
4271 6976
4272 4661
4274 4719
4274 6290
4276 5151
4276 7021
4277 5719
4279 6322
4280 4948
4280 6685
4281 4514
4282 4364
4283 6430
4284 5577
4285 4437
4287 5011
4287 6441
4289 6427
4292 4702
4293 6377
4293 7150
4295 4665
4295 5226
4296 5762
4297 5694
4297 6207
4300 5068
4300 5349
4301 4347
4302 4713
4302 4976
4304 5264
4304 6184
4305 5300
4306 4577
4306 4745
4306 4780
4306 5523
4309 4617
4309 6201
4310 6084
4311 4705
4311 5124
4312 4465
4312 6181
4315 5086
4315 7180
4318 4327
4320 6956
4322 6363
4322 6701
4323 4783
4324 4619
4324 6593
4330 5809
4332 5631
4333 4803
4333 6500
4338 6013
4340 5881
4340 6427
4341 6466
4342 5232
4343 5427
4344 4486
4345 4756
4347 5673
4347 7080
4350 6064
4351 5942
4352 5281
4353 6651
4354 5052
4356 4862
4357 5462
4357 6991
4358 5335
4359 6988
4360 5224
4361 6600
4361 7150
4362 4443
4363 6859
4364 6760
4365 5279
4369 6652
4370 4453
4371 6776
4372 6173
4373 6518
4374 5611
4375 6198
4377 5344
4379 5950
4379 6703
4379 6994
4380 5472
4381 4831
4381 6610
4381 6944
4382 6774
4384 4969
4384 6597
4385 7127
4385 7180
4387 7029
4388 6787
4390 4591
4392 5210
4393 4422
4394 6672
4395 5399
4395 6197
4396 6509
4397 4548
4397 5107
4399 5971
4401 6592
4402 5719
4402 6559
4404 5022
4405 4752
4405 7065
4407 5959
4408 5116
4410 5901
4412 4957
4412 6735
4413 4860
4413 5849
4414 6234
4416 5902
4416 6322
4417 6753
4419 5639
4419 5817
4421 5109
4424 4491
4424 6553
4424 6963
4425 6660
4426 6570
4427 5369
4428 5079
4428 6468
4429 6836
4430 6232
4430 6894
4431 5428
4432 4685
4436 4630
4436 4665
4437 5560
4439 6534
4440 5666
4441 6362
4441 6641
4444 4724
4449 5103
4449 5404
4450 5081
4452 6227
4454 4664
4455 5105
4455 5910
4456 5476
4457 6036
4461 5717
4462 5580
4464 6944
4465 4567
4465 5287
4466 5131
4466 5367
4467 4796
4469 5950
4470 6981
4471 7127
4472 4964
4473 4802
4473 5911
4475 5869
4478 5838
4482 6277
4483 4542
4485 7094
4489 5582
4492 7124
4493 4911
4494 6784
4499 4683
4499 6882
4499 7138
4500 4778
4502 6697
4504 6692
4506 5859
4507 6958
4509 6098
4510 6366
4511 5780
4512 5037
4513 4689
4513 5701
4514 4910
4514 6623
4514 7167
4515 4928
4516 6796
4517 4899
4524 4899
4525 4581
4525 4592
4525 6468
4526 4755
4527 6869
4529 6599
4530 5648
4531 5123
4531 5612
4531 7093
4532 6214
4533 5400
4535 6974
4536 4815
4536 6431
4537 4923
4538 4886
4541 5576
4541 6375
4542 5587
4545 6019
4547 4873
4547 6375
4548 6292
4549 5320
4549 6311
4549 6344
4550 6832
4552 4993
4552 5468
4554 4825
4555 5746
4556 4853
4556 5542
4556 5993
4558 5898
4558 6689
4560 5321
4560 6899
4562 5456
4563 6391
4564 5749
4564 6198
4564 6689
4567 5614
4567 5932
4568 4785
4569 6552
4572 5354
4572 5421
4577 6060
4577 6471
4577 6558
4578 6093
4579 5296
4580 6126
4585 4758
4585 5110
4586 4871
4588 5255
4589 4653
4590 7155
4592 6419
4593 6684
4594 4747
4595 5130
4595 6608
4596 5631
4598 4615
4600 5184
4601 5203
4601 6122
4602 5093
4605 5720
4605 6933
4607 7183
4608 5185
4609 7163
4610 6677
4613 5158
4613 5430
4613 5645
4613 5682
4614 6541
4615 4775
4617 4649
4617 7181
4618 6400
4621 5001
4622 6941
4624 5151
4625 5063
4625 6142
4625 6348
4626 7015
4628 6012
4630 4738
4630 4867
4630 7062
4631 4867
4633 4634
4633 5220
4634 4649
4634 6525
4635 5466
4637 5606
4639 6938
4640 5927
4641 4833
4641 6678
4642 7131
4642 7171
4643 5057
4643 6641
4643 6923
4646 4929
4646 6823
4649 6319
4654 5683
4655 6787
4656 5434
4656 5661
4657 5079
4658 5488
4658 5857
4659 6712
4662 5511
4663 5466
4663 5791
4665 5060
4669 5766
4669 7106
4670 5459
4672 6401
4674 5585
4676 6314
4679 6365
4681 5799
4684 5293
4685 4996
4687 5426
4691 4805
4692 7059
4693 6429
4694 5329
4694 5855
4696 6167
4697 4840
4697 5323
4697 6667
4698 4775
4698 5863
4698 5921
4701 4841
4703 5333
4703 5807
4704 6590
4704 6926
4706 5943
4707 5477
4707 5957
4711 5023
4714 6867
4714 7111
4716 4842
4720 5913
4722 4880
4726 4826
4728 6421
4730 5257
4730 6428
4731 5731
4731 6810
4732 4998
4734 7032
4735 4999
4736 5271
4737 5754
4739 5859
4740 6806
4742 5831
4743 5446
4744 6223
4745 5418
4745 6628
4747 6493
4747 6602
4748 5367
4748 5610
4750 5453
4752 5421
4756 5390
4757 4791
4759 5148
4759 5225
4759 5780
4761 6819
4766 7183
4773 5018
4774 5612
4776 6133
4777 5346
4777 6366
4779 6136
4781 5845
4782 5302
4783 5804
4783 6962
4784 5838
4786 5015
4787 5702
4788 6942
4790 4981
4791 5058
4793 5338
4793 6215
4794 5061
4796 6388
4796 7045
4798 5535
4799 5976
4799 6942
4799 7006
4811 6164
4813 6261
4814 5564
4818 6271
4818 6519
4819 4988
4819 5795
4820 4970
4820 5846
4821 5973
4825 5594
4826 5808
4826 6782
4826 6863
4828 5628
4828 6170
4829 4921
4829 5451
4831 5287
4832 4923
4834 5412
4840 7110
4841 5197
4842 6787
4843 6696
4845 6121
4847 5112
4849 6347
4850 4865
4851 5913
4852 5176
4853 6784
4854 5692
4857 5446
4858 6045
4858 6556
4859 5057
4859 5152
4860 6624
4861 6302
4863 5828
4863 6165
4865 5626
4868 5153
4870 6558
4871 6708
4871 6755
4873 6877
4875 6234
4876 6138
4877 7067
4878 5079
4879 5806
4880 6438
4881 5263
4882 6974
4883 5415
4884 6090
4886 6022
4888 5321
4889 5550
4890 5895
4891 5145
4891 6850
4892 6132
4894 7161
4895 6211
4896 5420
4896 5996
4897 6996
4903 5322
4903 5692
4903 6801
4907 5364
4908 6584
4909 5653
4909 5722
4909 5765
4909 6293
4910 6424
4912 6929
4912 6972
4913 5019
4914 5122
4914 5590
4914 5883
4914 6484
4918 6809
4920 5608
4921 6483
4922 6535
4922 6844
4923 5410
4924 5728
4924 7008
4926 6871
4928 5250
4929 5851
4929 6921
4930 5628
4931 4941
4932 5569
4932 6152
4936 5318
4937 4969
4937 6389
4938 6322
4939 5820
4942 5773
4944 5993
4944 6637
4947 5078
4949 5274
4951 5588
4958 5733
4958 6311
4959 6598
4960 5625
4960 6145
4962 6160
4963 6606
4965 5108
4966 6640
4967 6737
4973 6506
4974 5068
4974 6032
4980 6661
4982 6180
4982 6312
4983 5174
4985 6992
4986 5161
4987 7167
4988 4994
4988 6654
4989 5772
4989 6758
4990 6241
4992 5075
4992 5085
4992 5832
4993 6097
4994 7073
4997 6721
4998 5081
4999 5265
5000 5358
5002 5599
5002 6815
5005 6764
5007 6236
5009 5447
5009 6279
5010 5503
5010 6220
5012 5060
5016 5516
5018 5694
5020 5137
5020 5258
5023 5276
5023 6871
5024 6079
5027 6887
5028 5369
5029 5630
5032 6313
5032 7043
5034 5984
5036 5255
5036 6807
5038 6521
5040 6965
5041 6215
5043 6667
5043 6749
5045 5129
5045 6194
5049 6704
5049 6832
5050 5156
5054 6418
5055 6960
5056 5884
5057 7065
5058 6383
5060 5113
5060 6613
5060 6792
5060 7100
5064 6602
5065 5140
5065 6506
5066 5984
5067 5617
5068 5237
5068 6702
5068 7140
5069 6785
5071 7093
5073 6776
5074 6421
5076 7020
5077 5813
5077 6311
5078 5835
5078 6019
5079 5830
5080 5110
5080 5733
5082 5519
5082 6632
5083 5856
5084 6613
5085 5670
5085 6005
5086 5768
5088 6735
5089 5855
5089 6212
5092 5196
5097 6292
5098 6546
5104 5451
5105 6756
5106 5638
5108 5276
5109 5913
5109 7026
5112 6243
5112 7055
5113 5759
5115 5506
5115 6754
5117 5416
5118 5584
5123 5142
5125 5147
5126 7031
5127 6286
5127 6951
5129 5773
5129 6004
5130 5725
5134 6119
5135 5736
5136 5289
5136 6620
5137 6657
5140 5882
5140 6486
5140 7035
5141 5224
5143 5277
5144 6708
5146 5505
5149 6446
5149 6485
5149 6720
5150 5327
5154 5192
5156 5521
5158 6072
5161 5811
5161 5926
5162 5625
5163 5673
5163 6500
5167 5627
5167 6246
5168 5712
5171 5432
5171 5491
5172 5716
5173 6140
5174 6273
5175 5297
5175 5882
5177 5916
5178 5798
5183 5991
5183 6834
5185 6324
5187 6888
5189 5631
5190 6766
5191 5847
5193 6813
5195 6086
5196 6750
5199 6294
5200 5601
5203 6075
5204 7047
5205 5892
5206 7044
5207 6195
5207 6332
5209 5647
5211 7149
5213 6146
5214 6068
5215 6383
5216 6718
5217 5490
5217 6730
5219 6433
5219 6914
5222 5555
5222 6430
5223 5706
5223 6788
5226 5828
5226 5858
5227 5589
5228 6411
5229 6798
5233 7124
5235 5452
5235 5773
5235 6566
5236 5454
5237 6739
5238 5488
5241 5507
5248 5892
5249 5476
5249 7047
5253 5964
5263 5353
5267 5414
5270 6576
5272 5600
5272 6307
5273 6148
5273 6252
5275 5384
5278 6333
5279 5376
5279 5725
5284 5302
5284 5409
5284 5523
5284 5960
5284 7121
5289 6273
5290 5936
5292 5947
5293 6553
5294 6597
5299 6264
5299 6383
5301 5472
5302 6946
5304 7019
5306 5669
5309 6888
5310 6575
5312 5441
5313 6984
5315 5825
5318 5597
5321 5757
5321 6062
5322 6087
5329 6935
5330 5798
5333 5415
5333 5580
5333 7064
5335 5399
5339 5852
5339 6865
5340 5816
5343 5790
5343 6772
5344 6335
5345 6275
5346 5665
5346 6040
5346 6496
5357 6396
5358 5909
5361 6090
5361 7037
5366 6166
5366 6295
5366 6331
5366 6991
5366 7142
5367 6992
5369 7159
5370 5916
5370 6119
5373 6049
5373 6724
5374 6628
5374 6909
5375 6759
5377 6870
5378 6307
5380 6746
5382 5498
5385 7124
5386 5771
5387 5911
5389 7000
5392 6308
5394 6551
5395 6441
5396 7117
5397 6284
5398 6456
5399 6463
5400 5709
5403 6852
5404 6720
5406 6308
5406 6897
5406 6904
5407 5592
5407 7052
5408 6393
5410 6132
5410 6429
5412 6035
5412 6594
5413 7170
5414 6392
5417 6223
5418 7149
5419 5744
5420 6282
5421 5711
5422 6655
5422 6748
5423 6892
5427 5915
5428 6156
5429 6768
5433 6343
5433 6375
5434 5768
5435 6569
5435 7044
5438 6067
5440 6172
5440 6588
5444 6102
5445 5504
5445 6117
5445 6555
5447 6283
5447 6520
5450 6136
5451 6919
5453 5797
5454 6151
5454 6878
5454 6997
5454 7179
5458 6198
5463 5470
5463 6869
5465 5821
5465 6115
5465 7169
5467 5647
5467 6114
5470 7066
5471 6257
5471 7101
5474 5996
5478 6429
5478 6475
5478 6700
5479 6406
5481 5674
5482 5744
5485 5840
5486 6633
5492 5513
5493 6607
5495 5587
5495 6922
5496 7100
5497 6751
5497 7062
5498 6208
5499 7035
5502 6038
5502 6328
5503 6740
5505 6569
5506 5531
5508 6993
5510 6341
5510 7083
5512 5853
5513 5784
5514 5831
5515 5804
5515 6846
5517 6267
5518 6120
5518 6557
5519 6300
5520 5786
5523 6118
5525 5568
5529 5976
5529 6304
5529 6723
5530 6292
5531 5725
5532 5978
5533 6690
5533 6954
5535 7069
5536 6783
5537 6596
5538 6583
5539 6507
5539 6517
5546 6462
5551 6405
5551 6413
5552 6073
5553 5944
5559 6213
5562 6786
5563 5744
5563 6306
5570 6342
5571 6514
5572 5962
5574 6714
5575 6716
5576 7155
5578 6375
5579 5769
5581 6408
5589 6714
5591 6017
5591 6340
5595 6625
5596 7006
5604 6295
5607 6476
5608 7051
5611 5742
5612 7065
5615 7048
5616 5633
5616 6124
5616 6169
5617 6926
5621 5909
5622 6608
5623 5831
5624 5677
5626 5747
5629 6990
5631 6490
5632 6857
5633 6108
5634 6764
5635 6132
5638 6948
5642 6738
5644 6208
5645 6197
5651 6904
5653 5757
5653 7171
5655 6702
5663 6574
5664 6339
5664 6907
5667 6147
5667 7129
5668 6395
5668 6843
5669 6406
5670 7128
5671 5867
5673 6551
5676 6800
5677 6872
5678 6865
5679 6884
5684 6764
5687 5913
5688 6270
5690 7155
5690 7159
5691 6350
5695 6121
5699 5957
5699 6722
5700 7040
5702 6104
5702 6837
5703 6172
5708 6821
5708 7096
5710 6024
5711 6099
5711 6955
5713 5987
5715 6242
5716 6002
5716 6851
5720 6183
5722 6503
5724 5741
5724 6303
5724 6477
5726 5750
5729 5788
5731 6577
5734 6049
5734 6901
5735 6529
5739 6062
5750 6380
5758 6817
5761 6385
5763 6889
5764 6658
5768 5892
5768 6158
5768 6236
5769 6859
5774 6267
5776 5903
5779 5991
5780 6864
5782 6102
5784 5872
5784 6563
5785 6799
5789 6959
5790 6135
5791 6129
5801 6601
5802 6062
5803 6243
5804 5913
5807 7097
5812 6462
5815 7176
5819 5886
5820 5824
5820 6004
5820 6790
5822 6028
5825 6839
5827 6973
5839 6032
5844 7086
5845 6525
5847 6238
5849 6828
5852 6964
5853 5989
5853 7028
5855 6405
5855 6966
5856 5960
5857 6418
5862 6760
5863 6785
5864 5904
5871 6478
5871 6550
5872 6478
5879 6834
5881 7005
5886 7047
5890 6026
5890 7079
5892 6534
5892 6954
5894 6473
5896 6126
5897 6867
5899 6298
5900 6396
5904 6130
5905 6629
5905 6772
5911 5934
5912 6005
5915 6962
5920 6603
5922 7057
5926 7176
5929 5955
5930 6118
5931 6863
5937 6228
5938 6867
5940 6718
5940 6886
5941 7175
5947 6540
5947 7031
5949 6631
5962 6106
5967 6533
5969 6219
5969 6497
5969 6609
5970 6047
5972 6033
5972 6509
5975 6894
5977 6201
5980 7107
5985 6078
5987 6621
5988 5998
5990 7109
5996 7169
5999 6207
6003 6894
6007 6772
6011 7168
6012 6361
6014 6928
6027 6789
6029 6436
6034 6263
6036 7043
6037 6609
6039 6159
6043 6177
6045 6666
6047 6695
6050 6447
6050 6555
6056 7061
6057 6231
6058 7133
6060 6497
6063 6286
6064 6660
6064 7153
6066 6389
6071 6082
6073 6504
6076 6541
6079 6594
6081 6237
6082 6203
6082 6713
6085 6490
6086 6195
6087 6947
6087 7133
6089 6549
6090 6339
6094 6683
6096 6736
6101 6635
6103 6831
6111 6841
6112 6647
6113 6583
6117 6686
6119 7125
6120 6888
6121 6632
6122 6435
6123 6902
6127 6781
6132 6912
6133 6582
6136 6464
6139 6737
6143 7078
6150 6310
6153 6547
6153 6740
6155 6302
6160 6333
6161 6676
6168 6791
6172 7092
6174 6473
6174 6636
6175 7029
6182 6950
6187 6420
6187 6827
6189 6286
6192 6493
6193 6224
6194 7152
6196 6640
6197 6538
6201 6934
6202 6276
6207 6228
6209 6718
6219 6934
6222 7036
6227 6656
6229 6999
6233 7082
6234 6411
6235 6269
6236 6741
6240 6791
6242 6951
6244 6392
6244 6952
6246 6656
6248 6483
6256 6880
6259 6926
6260 6685
6272 6639
6273 6370
6298 6896
6302 6874
6303 6999
6303 7162
6306 6760
6309 6454
6315 6404
6323 6687
6324 6851
6325 6973
6326 7041
6327 6329
6330 7025
6332 6927
6337 6480
6346 7112
6347 7101
6351 6752
6358 6637
6362 6866
6376 6922
6377 6927
6382 6775
6384 6825
6385 6482
6387 6818
6390 6471
6402 6838
6404 6669
6406 6535
6411 6904
6415 6953
6416 6889
6425 7151
6430 6553
6434 6927
6440 6555
6441 7074
6445 6699
6445 6750
6452 6531
6457 6643
6459 6787
6459 6991
6460 6719
6462 6959
6471 7106
6472 6667
6480 6951
6487 6885
6499 6759
6512 6839
6513 6723
6513 7141
6530 6983
6534 6916
6542 7007
6544 6780
6545 6786
6548 6652
6555 6835
6558 6746
6558 7180
6560 6732
6563 6633
6564 6638
6578 7126
6579 6655
6581 6833
6582 6809
6591 6753
6601 6998
6602 6653
6606 7034
6610 6787
6616 6777
6627 6968
6627 7098
6646 6816
6650 6917
6654 7051
6666 6696
6672 6864
6672 7042
6677 6769
6682 6914
6702 6756
6702 7105
6708 7056
6711 6751
6715 7050
6720 6795
6728 6946
6738 6761
6742 6822
6750 6893
6755 6823
6765 7046
6765 7168
6778 6797
6795 7171
6797 6970
6812 7036
6820 6936
6827 6949
6836 7017
6840 7061
6845 7140
6845 7183
6848 6984
6864 6933
6871 7004
6874 6881
6879 7119
6908 7062
6915 7083
6920 7109
6924 6945
6965 7026
6975 7002
7008 7165
7012 7089
7043 7044
7083 7120
7119 7174
