0.000000000000000000e+00 1.320000000000000000e+03
1.000000000000000000e+00 1.205000000000000000e+03
2.000000000000000000e+00 0.000000000000000000e+00
3.000000000000000000e+00 1.655000000000000000e+03
4.000000000000000000e+00 2.692000000000000000e+03
5.000000000000000000e+00 0.000000000000000000e+00
6.000000000000000000e+00 1.832000000000000000e+03
7.000000000000000000e+00 0.000000000000000000e+00
8.000000000000000000e+00 9.424000000000000000e+03
9.000000000000000000e+00 2.540000000000000000e+03
1.000000000000000000e+01 1.123700000000000000e+04
1.100000000000000000e+01 1.576000000000000000e+03
1.200000000000000000e+01 6.010000000000000000e+02
1.300000000000000000e+01 0.000000000000000000e+00
1.400000000000000000e+01 0.000000000000000000e+00
1.500000000000000000e+01 8.189000000000000000e+03
1.600000000000000000e+01 0.000000000000000000e+00
1.700000000000000000e+01 1.565000000000000000e+03
1.800000000000000000e+01 3.063000000000000000e+03
1.900000000000000000e+01 2.464000000000000000e+03
2.000000000000000000e+01 2.310000000000000000e+03
2.100000000000000000e+01 7.830000000000000000e+02
2.200000000000000000e+01 2.958000000000000000e+03
2.300000000000000000e+01 0.000000000000000000e+00
2.400000000000000000e+01 0.000000000000000000e+00
2.500000000000000000e+01 1.125400000000000000e+04
2.600000000000000000e+01 7.756000000000000000e+03
2.700000000000000000e+01 7.830000000000000000e+02
2.800000000000000000e+01 1.459000000000000000e+03
2.900000000000000000e+01 5.089000000000000000e+03
3.000000000000000000e+01 2.529000000000000000e+03
3.100000000000000000e+01 3.099000000000000000e+03
3.200000000000000000e+01 7.366000000000000000e+03
3.300000000000000000e+01 2.582000000000000000e+03
3.400000000000000000e+01 7.086000000000000000e+03
3.500000000000000000e+01 2.622000000000000000e+03
3.600000000000000000e+01 8.540000000000000000e+02
3.700000000000000000e+01 8.820000000000000000e+02
3.800000000000000000e+01 8.090000000000000000e+02
3.900000000000000000e+01 1.789000000000000000e+04
4.000000000000000000e+01 1.780000000000000000e+03
4.100000000000000000e+01 4.049000000000000000e+03
4.200000000000000000e+01 2.046000000000000000e+03
4.300000000000000000e+01 2.213000000000000000e+03
4.400000000000000000e+01 0.000000000000000000e+00
4.500000000000000000e+01 0.000000000000000000e+00
4.600000000000000000e+01 1.617000000000000000e+03
4.700000000000000000e+01 0.000000000000000000e+00
4.800000000000000000e+01 9.047000000000000000e+03
4.900000000000000000e+01 0.000000000000000000e+00
5.000000000000000000e+01 3.090000000000000000e+02
5.100000000000000000e+01 2.116000000000000000e+03
5.200000000000000000e+01 6.710000000000000000e+02
5.300000000000000000e+01 8.780000000000000000e+02
5.400000000000000000e+01 2.199000000000000000e+03
5.500000000000000000e+01 9.958000000000000000e+03
5.600000000000000000e+01 2.083000000000000000e+03
5.700000000000000000e+01 4.715000000000000000e+03
5.800000000000000000e+01 0.000000000000000000e+00
5.900000000000000000e+01 1.208000000000000000e+03
6.000000000000000000e+01 2.839900000000000000e+04
6.100000000000000000e+01 1.405000000000000000e+03
6.200000000000000000e+01 4.358000000000000000e+03
6.300000000000000000e+01 1.308300000000000000e+04
6.400000000000000000e+01 0.000000000000000000e+00
6.500000000000000000e+01 7.999000000000000000e+03
6.600000000000000000e+01 0.000000000000000000e+00
6.700000000000000000e+01 7.830000000000000000e+02
6.800000000000000000e+01 2.586000000000000000e+03
6.900000000000000000e+01 2.345000000000000000e+03
7.000000000000000000e+01 7.480000000000000000e+02
7.100000000000000000e+01 1.490000000000000000e+03
7.200000000000000000e+01 2.370000000000000000e+03
7.300000000000000000e+01 0.000000000000000000e+00
7.400000000000000000e+01 7.830000000000000000e+02
7.500000000000000000e+01 1.829000000000000000e+03
7.600000000000000000e+01 1.680000000000000000e+03
7.700000000000000000e+01 0.000000000000000000e+00
7.800000000000000000e+01 7.830000000000000000e+02
7.900000000000000000e+01 7.830000000000000000e+02
8.000000000000000000e+01 6.559000000000000000e+03
8.100000000000000000e+01 1.642000000000000000e+03
8.200000000000000000e+01 0.000000000000000000e+00
8.300000000000000000e+01 1.867000000000000000e+03
8.400000000000000000e+01 2.555000000000000000e+03
8.500000000000000000e+01 2.131000000000000000e+03
8.600000000000000000e+01 0.000000000000000000e+00
8.700000000000000000e+01 1.061000000000000000e+03
8.800000000000000000e+01 0.000000000000000000e+00
8.900000000000000000e+01 1.351000000000000000e+03
9.000000000000000000e+01 1.475000000000000000e+03
9.100000000000000000e+01 7.899000000000000000e+03
9.200000000000000000e+01 3.641000000000000000e+03
9.300000000000000000e+01 0.000000000000000000e+00
9.400000000000000000e+01 2.343000000000000000e+03
9.500000000000000000e+01 8.095000000000000000e+03
9.600000000000000000e+01 1.864000000000000000e+03
9.700000000000000000e+01 0.000000000000000000e+00
9.800000000000000000e+01 1.564000000000000000e+03
9.900000000000000000e+01 0.000000000000000000e+00
1.000000000000000000e+02 0.000000000000000000e+00
1.010000000000000000e+02 1.055000000000000000e+03
1.020000000000000000e+02 1.498000000000000000e+03
1.030000000000000000e+02 1.070000000000000000e+03
1.040000000000000000e+02 1.535000000000000000e+03
1.050000000000000000e+02 0.000000000000000000e+00
1.060000000000000000e+02 0.000000000000000000e+00
1.070000000000000000e+02 2.658000000000000000e+03
1.080000000000000000e+02 0.000000000000000000e+00
1.090000000000000000e+02 1.195400000000000000e+04
1.100000000000000000e+02 1.643100000000000000e+04
1.110000000000000000e+02 0.000000000000000000e+00
1.120000000000000000e+02 3.499000000000000000e+03
1.130000000000000000e+02 0.000000000000000000e+00
1.140000000000000000e+02 1.168300000000000000e+04
1.150000000000000000e+02 0.000000000000000000e+00
1.160000000000000000e+02 0.000000000000000000e+00
1.170000000000000000e+02 9.810000000000000000e+02
1.180000000000000000e+02 0.000000000000000000e+00
1.190000000000000000e+02 2.789000000000000000e+03
1.200000000000000000e+02 0.000000000000000000e+00
1.210000000000000000e+02 1.035000000000000000e+03
1.220000000000000000e+02 7.830000000000000000e+02
1.230000000000000000e+02 0.000000000000000000e+00
1.240000000000000000e+02 2.843000000000000000e+03
1.250000000000000000e+02 1.987000000000000000e+03
1.260000000000000000e+02 0.000000000000000000e+00
1.270000000000000000e+02 5.567000000000000000e+03
1.280000000000000000e+02 3.464000000000000000e+03
1.290000000000000000e+02 0.000000000000000000e+00
1.300000000000000000e+02 7.830000000000000000e+02
1.310000000000000000e+02 0.000000000000000000e+00
1.320000000000000000e+02 0.000000000000000000e+00
1.330000000000000000e+02 2.650000000000000000e+03
1.340000000000000000e+02 4.870000000000000000e+02
1.350000000000000000e+02 3.280000000000000000e+03
1.360000000000000000e+02 3.669000000000000000e+03
1.370000000000000000e+02 7.830000000000000000e+02
1.380000000000000000e+02 0.000000000000000000e+00
1.390000000000000000e+02 0.000000000000000000e+00
1.400000000000000000e+02 0.000000000000000000e+00
1.410000000000000000e+02 5.280000000000000000e+03
1.420000000000000000e+02 4.262000000000000000e+03
1.430000000000000000e+02 2.420000000000000000e+02
1.440000000000000000e+02 3.697000000000000000e+03
1.450000000000000000e+02 0.000000000000000000e+00
1.460000000000000000e+02 5.312000000000000000e+03
1.470000000000000000e+02 1.565000000000000000e+03
1.480000000000000000e+02 5.630000000000000000e+03
1.490000000000000000e+02 9.570000000000000000e+02
1.500000000000000000e+02 0.000000000000000000e+00
1.510000000000000000e+02 7.830000000000000000e+02
1.520000000000000000e+02 0.000000000000000000e+00
1.530000000000000000e+02 3.903000000000000000e+03
1.540000000000000000e+02 1.712000000000000000e+03
1.550000000000000000e+02 0.000000000000000000e+00
1.560000000000000000e+02 1.410000000000000000e+03
1.570000000000000000e+02 9.350000000000000000e+02
1.580000000000000000e+02 7.830000000000000000e+02
1.590000000000000000e+02 2.626000000000000000e+03
1.600000000000000000e+02 7.850000000000000000e+02
1.610000000000000000e+02 5.644000000000000000e+03
1.620000000000000000e+02 9.260000000000000000e+02
1.630000000000000000e+02 8.081000000000000000e+03
1.640000000000000000e+02 0.000000000000000000e+00
1.650000000000000000e+02 7.830000000000000000e+02
1.660000000000000000e+02 5.844000000000000000e+03
1.670000000000000000e+02 9.316000000000000000e+03
1.680000000000000000e+02 1.211000000000000000e+03
1.690000000000000000e+02 4.293000000000000000e+03
1.700000000000000000e+02 0.000000000000000000e+00
1.710000000000000000e+02 1.366000000000000000e+03
1.720000000000000000e+02 8.202000000000000000e+03
1.730000000000000000e+02 6.494000000000000000e+03
1.740000000000000000e+02 0.000000000000000000e+00
1.750000000000000000e+02 0.000000000000000000e+00
1.760000000000000000e+02 0.000000000000000000e+00
1.770000000000000000e+02 0.000000000000000000e+00
1.780000000000000000e+02 4.959000000000000000e+03
1.790000000000000000e+02 1.259500000000000000e+04
1.800000000000000000e+02 2.102000000000000000e+03
1.810000000000000000e+02 0.000000000000000000e+00
1.820000000000000000e+02 5.445000000000000000e+03
1.830000000000000000e+02 7.985000000000000000e+03
1.840000000000000000e+02 3.180000000000000000e+03
1.850000000000000000e+02 9.780000000000000000e+02
1.860000000000000000e+02 6.307000000000000000e+03
1.870000000000000000e+02 4.676000000000000000e+03
1.880000000000000000e+02 0.000000000000000000e+00
1.890000000000000000e+02 1.003400000000000000e+04
1.900000000000000000e+02 3.470000000000000000e+03
1.910000000000000000e+02 3.145000000000000000e+03
1.920000000000000000e+02 7.830000000000000000e+02
1.930000000000000000e+02 9.798000000000000000e+03
1.940000000000000000e+02 6.119000000000000000e+03
1.950000000000000000e+02 4.292000000000000000e+03
1.960000000000000000e+02 1.807000000000000000e+03
1.970000000000000000e+02 3.198000000000000000e+03
1.980000000000000000e+02 7.830000000000000000e+02
1.990000000000000000e+02 0.000000000000000000e+00
2.000000000000000000e+02 8.136000000000000000e+03
2.010000000000000000e+02 8.645000000000000000e+03
2.020000000000000000e+02 1.358000000000000000e+03
2.030000000000000000e+02 5.553000000000000000e+03
2.040000000000000000e+02 7.570000000000000000e+02
2.050000000000000000e+02 9.820000000000000000e+02
2.060000000000000000e+02 4.543000000000000000e+03
2.070000000000000000e+02 7.830000000000000000e+02
2.080000000000000000e+02 9.700000000000000000e+02
2.090000000000000000e+02 1.643000000000000000e+03
2.100000000000000000e+02 8.630000000000000000e+02
2.110000000000000000e+02 2.314000000000000000e+03
2.120000000000000000e+02 7.830000000000000000e+02
2.130000000000000000e+02 0.000000000000000000e+00
2.140000000000000000e+02 7.489000000000000000e+03
2.150000000000000000e+02 0.000000000000000000e+00
2.160000000000000000e+02 9.320000000000000000e+03
2.170000000000000000e+02 5.899000000000000000e+03
2.180000000000000000e+02 4.204000000000000000e+03
2.190000000000000000e+02 0.000000000000000000e+00
2.200000000000000000e+02 6.370000000000000000e+03
2.210000000000000000e+02 4.774000000000000000e+03
2.220000000000000000e+02 0.000000000000000000e+00
2.230000000000000000e+02 5.658000000000000000e+03
2.240000000000000000e+02 2.601000000000000000e+03
2.250000000000000000e+02 0.000000000000000000e+00
2.260000000000000000e+02 1.826000000000000000e+03
2.270000000000000000e+02 4.290000000000000000e+02
2.280000000000000000e+02 8.100000000000000000e+02
2.290000000000000000e+02 3.541000000000000000e+03
2.300000000000000000e+02 0.000000000000000000e+00
2.310000000000000000e+02 0.000000000000000000e+00
2.320000000000000000e+02 1.564000000000000000e+03
2.330000000000000000e+02 0.000000000000000000e+00
2.340000000000000000e+02 2.541000000000000000e+03
2.350000000000000000e+02 0.000000000000000000e+00
2.360000000000000000e+02 1.084800000000000000e+04
2.370000000000000000e+02 9.242000000000000000e+03
2.380000000000000000e+02 0.000000000000000000e+00
2.390000000000000000e+02 0.000000000000000000e+00
2.400000000000000000e+02 4.618000000000000000e+03
2.410000000000000000e+02 2.428000000000000000e+03
2.420000000000000000e+02 1.168000000000000000e+03
2.430000000000000000e+02 3.761000000000000000e+03
2.440000000000000000e+02 2.343000000000000000e+03
2.450000000000000000e+02 0.000000000000000000e+00
2.460000000000000000e+02 9.397000000000000000e+03
2.470000000000000000e+02 4.860000000000000000e+03
2.480000000000000000e+02 1.045000000000000000e+03
2.490000000000000000e+02 8.149000000000000000e+03
2.500000000000000000e+02 4.390000000000000000e+02
2.510000000000000000e+02 1.564000000000000000e+03
2.520000000000000000e+02 3.128000000000000000e+03
2.530000000000000000e+02 2.877000000000000000e+03
2.540000000000000000e+02 1.013200000000000000e+04
2.550000000000000000e+02 5.217000000000000000e+03
2.560000000000000000e+02 2.187000000000000000e+03
2.570000000000000000e+02 4.070000000000000000e+03
2.580000000000000000e+02 0.000000000000000000e+00
2.590000000000000000e+02 0.000000000000000000e+00
2.600000000000000000e+02 2.346000000000000000e+03
2.610000000000000000e+02 1.715000000000000000e+03
2.620000000000000000e+02 1.261100000000000000e+04
2.630000000000000000e+02 1.796000000000000000e+03
2.640000000000000000e+02 0.000000000000000000e+00
2.650000000000000000e+02 4.270000000000000000e+02
2.660000000000000000e+02 0.000000000000000000e+00
2.670000000000000000e+02 0.000000000000000000e+00
2.680000000000000000e+02 0.000000000000000000e+00
2.690000000000000000e+02 5.672000000000000000e+03
2.700000000000000000e+02 7.777000000000000000e+03
2.710000000000000000e+02 1.565000000000000000e+03
2.720000000000000000e+02 2.343000000000000000e+03
2.730000000000000000e+02 7.830000000000000000e+02
2.740000000000000000e+02 0.000000000000000000e+00
2.750000000000000000e+02 7.830000000000000000e+02
2.760000000000000000e+02 4.668000000000000000e+03
2.770000000000000000e+02 0.000000000000000000e+00
2.780000000000000000e+02 3.760000000000000000e+03
2.790000000000000000e+02 3.191000000000000000e+03
2.800000000000000000e+02 8.660000000000000000e+02
2.810000000000000000e+02 3.200000000000000000e+03
2.820000000000000000e+02 0.000000000000000000e+00
2.830000000000000000e+02 3.580000000000000000e+03
2.840000000000000000e+02 0.000000000000000000e+00
2.850000000000000000e+02 1.072000000000000000e+03
2.860000000000000000e+02 7.836000000000000000e+03
2.870000000000000000e+02 0.000000000000000000e+00
2.880000000000000000e+02 1.663000000000000000e+03
2.890000000000000000e+02 0.000000000000000000e+00
2.900000000000000000e+02 1.145000000000000000e+03
2.910000000000000000e+02 1.581000000000000000e+03
2.920000000000000000e+02 4.818000000000000000e+03
2.930000000000000000e+02 2.046300000000000000e+04
2.940000000000000000e+02 3.390000000000000000e+02
2.950000000000000000e+02 1.976600000000000000e+04
2.960000000000000000e+02 6.966000000000000000e+03
2.970000000000000000e+02 5.438000000000000000e+03
2.980000000000000000e+02 6.840000000000000000e+03
2.990000000000000000e+02 7.830000000000000000e+02
3.000000000000000000e+02 2.343000000000000000e+03
3.010000000000000000e+02 0.000000000000000000e+00
3.020000000000000000e+02 3.212000000000000000e+03
3.030000000000000000e+02 1.805000000000000000e+03
3.040000000000000000e+02 7.830000000000000000e+02
3.050000000000000000e+02 3.895000000000000000e+03
3.060000000000000000e+02 3.089000000000000000e+03
3.070000000000000000e+02 4.256000000000000000e+03
3.080000000000000000e+02 0.000000000000000000e+00
3.090000000000000000e+02 1.564000000000000000e+03
3.100000000000000000e+02 0.000000000000000000e+00
3.110000000000000000e+02 1.326000000000000000e+03
3.120000000000000000e+02 5.538000000000000000e+03
3.130000000000000000e+02 2.474000000000000000e+03
3.140000000000000000e+02 9.550000000000000000e+02
3.150000000000000000e+02 3.692000000000000000e+03
3.160000000000000000e+02 0.000000000000000000e+00
3.170000000000000000e+02 1.564000000000000000e+03
3.180000000000000000e+02 2.252000000000000000e+03
3.190000000000000000e+02 9.044000000000000000e+03
3.200000000000000000e+02 2.277000000000000000e+03
3.210000000000000000e+02 6.176000000000000000e+03
3.220000000000000000e+02 1.646000000000000000e+03
3.230000000000000000e+02 0.000000000000000000e+00
3.240000000000000000e+02 2.295000000000000000e+03
3.250000000000000000e+02 2.469000000000000000e+03
3.260000000000000000e+02 1.112100000000000000e+04
3.270000000000000000e+02 5.160000000000000000e+02
3.280000000000000000e+02 9.640000000000000000e+02
3.290000000000000000e+02 4.566000000000000000e+03
3.300000000000000000e+02 7.830000000000000000e+02
3.310000000000000000e+02 3.078000000000000000e+03
3.320000000000000000e+02 1.564000000000000000e+03
3.330000000000000000e+02 4.540000000000000000e+02
3.340000000000000000e+02 0.000000000000000000e+00
3.350000000000000000e+02 0.000000000000000000e+00
3.360000000000000000e+02 0.000000000000000000e+00
3.370000000000000000e+02 3.863000000000000000e+03
3.380000000000000000e+02 1.103600000000000000e+04
3.390000000000000000e+02 4.915000000000000000e+03
3.400000000000000000e+02 1.927000000000000000e+03
3.410000000000000000e+02 3.410000000000000000e+03
3.420000000000000000e+02 0.000000000000000000e+00
3.430000000000000000e+02 2.308000000000000000e+03
3.440000000000000000e+02 3.777000000000000000e+03
3.450000000000000000e+02 0.000000000000000000e+00
3.460000000000000000e+02 0.000000000000000000e+00
3.470000000000000000e+02 4.316000000000000000e+03
3.480000000000000000e+02 0.000000000000000000e+00
3.490000000000000000e+02 3.223000000000000000e+03
3.500000000000000000e+02 1.501400000000000000e+04
3.510000000000000000e+02 7.950000000000000000e+03
3.520000000000000000e+02 8.716000000000000000e+03
3.530000000000000000e+02 1.229600000000000000e+04
3.540000000000000000e+02 0.000000000000000000e+00
3.550000000000000000e+02 8.832000000000000000e+03
3.560000000000000000e+02 2.209000000000000000e+03
3.570000000000000000e+02 1.172900000000000000e+04
3.580000000000000000e+02 1.387600000000000000e+04
3.590000000000000000e+02 0.000000000000000000e+00
3.600000000000000000e+02 9.940000000000000000e+02
3.610000000000000000e+02 0.000000000000000000e+00
3.620000000000000000e+02 3.910000000000000000e+03
3.630000000000000000e+02 2.546000000000000000e+03
3.640000000000000000e+02 7.830000000000000000e+02
3.650000000000000000e+02 1.868000000000000000e+03
3.660000000000000000e+02 0.000000000000000000e+00
3.670000000000000000e+02 3.959000000000000000e+03
3.680000000000000000e+02 6.317000000000000000e+03
3.690000000000000000e+02 2.613000000000000000e+03
3.700000000000000000e+02 2.804000000000000000e+03
3.710000000000000000e+02 9.009000000000000000e+03
3.720000000000000000e+02 3.174000000000000000e+03
3.730000000000000000e+02 0.000000000000000000e+00
3.740000000000000000e+02 4.481000000000000000e+03
3.750000000000000000e+02 2.588000000000000000e+03
3.760000000000000000e+02 7.830000000000000000e+02
3.770000000000000000e+02 4.148000000000000000e+03
3.780000000000000000e+02 1.680200000000000000e+04
3.790000000000000000e+02 1.564000000000000000e+03
3.800000000000000000e+02 3.524000000000000000e+03
3.810000000000000000e+02 7.830000000000000000e+02
3.820000000000000000e+02 0.000000000000000000e+00
3.830000000000000000e+02 9.466000000000000000e+03
3.840000000000000000e+02 7.830000000000000000e+02
3.850000000000000000e+02 0.000000000000000000e+00
3.860000000000000000e+02 0.000000000000000000e+00
3.870000000000000000e+02 3.541000000000000000e+03
3.880000000000000000e+02 3.980000000000000000e+03
3.890000000000000000e+02 1.162000000000000000e+03
3.900000000000000000e+02 7.858000000000000000e+03
3.910000000000000000e+02 0.000000000000000000e+00
3.920000000000000000e+02 2.957000000000000000e+03
3.930000000000000000e+02 0.000000000000000000e+00
3.940000000000000000e+02 2.345000000000000000e+03
3.950000000000000000e+02 0.000000000000000000e+00
3.960000000000000000e+02 0.000000000000000000e+00
3.970000000000000000e+02 0.000000000000000000e+00
3.980000000000000000e+02 0.000000000000000000e+00
3.990000000000000000e+02 5.415000000000000000e+03
4.000000000000000000e+02 8.319000000000000000e+03
4.010000000000000000e+02 0.000000000000000000e+00
4.020000000000000000e+02 1.470000000000000000e+03
4.030000000000000000e+02 0.000000000000000000e+00
4.040000000000000000e+02 3.404000000000000000e+03
4.050000000000000000e+02 0.000000000000000000e+00
4.060000000000000000e+02 0.000000000000000000e+00
4.070000000000000000e+02 1.137100000000000000e+04
4.080000000000000000e+02 1.386900000000000000e+04
4.090000000000000000e+02 1.737000000000000000e+03
4.100000000000000000e+02 7.830000000000000000e+02
4.110000000000000000e+02 0.000000000000000000e+00
4.120000000000000000e+02 1.400000000000000000e+03
4.130000000000000000e+02 1.348000000000000000e+03
4.140000000000000000e+02 0.000000000000000000e+00
4.150000000000000000e+02 6.239000000000000000e+03
4.160000000000000000e+02 0.000000000000000000e+00
4.170000000000000000e+02 4.803000000000000000e+03
4.180000000000000000e+02 0.000000000000000000e+00
4.190000000000000000e+02 7.299000000000000000e+03
4.200000000000000000e+02 2.166000000000000000e+03
4.210000000000000000e+02 4.495000000000000000e+03
4.220000000000000000e+02 0.000000000000000000e+00
4.230000000000000000e+02 5.320000000000000000e+03
4.240000000000000000e+02 2.316000000000000000e+03
4.250000000000000000e+02 1.852000000000000000e+03
4.260000000000000000e+02 7.830000000000000000e+02
4.270000000000000000e+02 8.920000000000000000e+02
4.280000000000000000e+02 1.534300000000000000e+04
4.290000000000000000e+02 3.017000000000000000e+03
4.300000000000000000e+02 0.000000000000000000e+00
4.310000000000000000e+02 7.830000000000000000e+02
4.320000000000000000e+02 0.000000000000000000e+00
4.330000000000000000e+02 1.565000000000000000e+03
4.340000000000000000e+02 7.830000000000000000e+02
4.350000000000000000e+02 2.497000000000000000e+03
4.360000000000000000e+02 6.215000000000000000e+03
4.370000000000000000e+02 7.830000000000000000e+02
4.380000000000000000e+02 5.907000000000000000e+03
4.390000000000000000e+02 2.281000000000000000e+03
4.400000000000000000e+02 1.350100000000000000e+04
4.410000000000000000e+02 9.240000000000000000e+02
4.420000000000000000e+02 1.347500000000000000e+04
4.430000000000000000e+02 1.380000000000000000e+03
4.440000000000000000e+02 0.000000000000000000e+00
4.450000000000000000e+02 1.898000000000000000e+03
4.460000000000000000e+02 5.043000000000000000e+03
4.470000000000000000e+02 1.655000000000000000e+03
4.480000000000000000e+02 3.285000000000000000e+03
4.490000000000000000e+02 1.565000000000000000e+03
4.500000000000000000e+02 3.752000000000000000e+03
4.510000000000000000e+02 3.391000000000000000e+03
4.520000000000000000e+02 3.567000000000000000e+03
4.530000000000000000e+02 4.591000000000000000e+03
4.540000000000000000e+02 0.000000000000000000e+00
4.550000000000000000e+02 1.526000000000000000e+03
4.560000000000000000e+02 0.000000000000000000e+00
4.570000000000000000e+02 3.671000000000000000e+03
4.580000000000000000e+02 0.000000000000000000e+00
4.590000000000000000e+02 1.062000000000000000e+03
4.600000000000000000e+02 5.282000000000000000e+03
4.610000000000000000e+02 0.000000000000000000e+00
4.620000000000000000e+02 1.250000000000000000e+03
4.630000000000000000e+02 0.000000000000000000e+00
4.640000000000000000e+02 2.343000000000000000e+03
4.650000000000000000e+02 3.580000000000000000e+03
4.660000000000000000e+02 6.889000000000000000e+03
4.670000000000000000e+02 0.000000000000000000e+00
4.680000000000000000e+02 3.984000000000000000e+03
4.690000000000000000e+02 3.230000000000000000e+03
4.700000000000000000e+02 7.242000000000000000e+03
4.710000000000000000e+02 0.000000000000000000e+00
4.720000000000000000e+02 1.687000000000000000e+03
4.730000000000000000e+02 2.736000000000000000e+03
4.740000000000000000e+02 0.000000000000000000e+00
4.750000000000000000e+02 0.000000000000000000e+00
4.760000000000000000e+02 2.686000000000000000e+03
4.770000000000000000e+02 0.000000000000000000e+00
4.780000000000000000e+02 6.535000000000000000e+03
4.790000000000000000e+02 2.016000000000000000e+03
4.800000000000000000e+02 7.830000000000000000e+02
4.810000000000000000e+02 2.997000000000000000e+03
4.820000000000000000e+02 0.000000000000000000e+00
4.830000000000000000e+02 7.830000000000000000e+02
4.840000000000000000e+02 0.000000000000000000e+00
4.850000000000000000e+02 3.092000000000000000e+03
4.860000000000000000e+02 8.200000000000000000e+02
4.870000000000000000e+02 0.000000000000000000e+00
4.880000000000000000e+02 0.000000000000000000e+00
4.890000000000000000e+02 3.835000000000000000e+03
4.900000000000000000e+02 5.219000000000000000e+03
4.910000000000000000e+02 2.948000000000000000e+03
4.920000000000000000e+02 0.000000000000000000e+00
4.930000000000000000e+02 7.830000000000000000e+02
4.940000000000000000e+02 0.000000000000000000e+00
4.950000000000000000e+02 2.231300000000000000e+04
4.960000000000000000e+02 0.000000000000000000e+00
4.970000000000000000e+02 6.100000000000000000e+02
4.980000000000000000e+02 1.469000000000000000e+03
4.990000000000000000e+02 3.866000000000000000e+03
5.000000000000000000e+02 0.000000000000000000e+00
5.010000000000000000e+02 7.830000000000000000e+02
5.020000000000000000e+02 6.899000000000000000e+03
5.030000000000000000e+02 3.625600000000000000e+04
5.040000000000000000e+02 0.000000000000000000e+00
5.050000000000000000e+02 7.830000000000000000e+02
5.060000000000000000e+02 1.202600000000000000e+04
5.070000000000000000e+02 0.000000000000000000e+00
5.080000000000000000e+02 0.000000000000000000e+00
5.090000000000000000e+02 4.097000000000000000e+03
5.100000000000000000e+02 3.405000000000000000e+03
5.110000000000000000e+02 6.394000000000000000e+03
5.120000000000000000e+02 0.000000000000000000e+00
5.130000000000000000e+02 4.803000000000000000e+03
5.140000000000000000e+02 4.060000000000000000e+03
5.150000000000000000e+02 1.531000000000000000e+03
5.160000000000000000e+02 3.868000000000000000e+03
5.170000000000000000e+02 0.000000000000000000e+00
5.180000000000000000e+02 0.000000000000000000e+00
5.190000000000000000e+02 5.732000000000000000e+03
5.200000000000000000e+02 8.190000000000000000e+02
5.210000000000000000e+02 2.302000000000000000e+03
5.220000000000000000e+02 0.000000000000000000e+00
5.230000000000000000e+02 7.286000000000000000e+03
5.240000000000000000e+02 0.000000000000000000e+00
5.250000000000000000e+02 5.710000000000000000e+02
5.260000000000000000e+02 7.050000000000000000e+02
5.270000000000000000e+02 1.564000000000000000e+03
5.280000000000000000e+02 0.000000000000000000e+00
5.290000000000000000e+02 0.000000000000000000e+00
5.300000000000000000e+02 1.042000000000000000e+03
5.310000000000000000e+02 2.322000000000000000e+03
5.320000000000000000e+02 0.000000000000000000e+00
5.330000000000000000e+02 2.640000000000000000e+03
5.340000000000000000e+02 0.000000000000000000e+00
5.350000000000000000e+02 0.000000000000000000e+00
5.360000000000000000e+02 0.000000000000000000e+00
5.370000000000000000e+02 2.358000000000000000e+03
5.380000000000000000e+02 4.470000000000000000e+03
5.390000000000000000e+02 1.198000000000000000e+03
5.400000000000000000e+02 2.882000000000000000e+04
5.410000000000000000e+02 0.000000000000000000e+00
5.420000000000000000e+02 0.000000000000000000e+00
5.430000000000000000e+02 7.830000000000000000e+02
5.440000000000000000e+02 0.000000000000000000e+00
5.450000000000000000e+02 1.731800000000000000e+04
5.460000000000000000e+02 7.830000000000000000e+02
5.470000000000000000e+02 6.842000000000000000e+03
5.480000000000000000e+02 3.902000000000000000e+03
5.490000000000000000e+02 1.758000000000000000e+03
5.500000000000000000e+02 1.282700000000000000e+04
5.510000000000000000e+02 2.723000000000000000e+03
5.520000000000000000e+02 0.000000000000000000e+00
5.530000000000000000e+02 3.302000000000000000e+03
5.540000000000000000e+02 0.000000000000000000e+00
5.550000000000000000e+02 4.285000000000000000e+03
5.560000000000000000e+02 3.535000000000000000e+03
5.570000000000000000e+02 6.727000000000000000e+03
5.580000000000000000e+02 0.000000000000000000e+00
5.590000000000000000e+02 0.000000000000000000e+00
5.600000000000000000e+02 2.026200000000000000e+04
5.610000000000000000e+02 0.000000000000000000e+00
5.620000000000000000e+02 1.663000000000000000e+03
5.630000000000000000e+02 2.343000000000000000e+03
5.640000000000000000e+02 5.577000000000000000e+03
5.650000000000000000e+02 7.830000000000000000e+02
5.660000000000000000e+02 1.634300000000000000e+04
5.670000000000000000e+02 9.990000000000000000e+02
5.680000000000000000e+02 0.000000000000000000e+00
5.690000000000000000e+02 2.004000000000000000e+03
5.700000000000000000e+02 5.122000000000000000e+03
5.710000000000000000e+02 9.680000000000000000e+02
5.720000000000000000e+02 0.000000000000000000e+00
5.730000000000000000e+02 8.761000000000000000e+03
5.740000000000000000e+02 1.115000000000000000e+03
5.750000000000000000e+02 1.582000000000000000e+03
5.760000000000000000e+02 1.799000000000000000e+03
5.770000000000000000e+02 5.278000000000000000e+03
5.780000000000000000e+02 2.067000000000000000e+03
5.790000000000000000e+02 4.440000000000000000e+02
5.800000000000000000e+02 7.750000000000000000e+03
5.810000000000000000e+02 0.000000000000000000e+00
5.820000000000000000e+02 0.000000000000000000e+00
5.830000000000000000e+02 0.000000000000000000e+00
5.840000000000000000e+02 9.630000000000000000e+02
5.850000000000000000e+02 0.000000000000000000e+00
5.860000000000000000e+02 1.610000000000000000e+03
5.870000000000000000e+02 3.700000000000000000e+03
5.880000000000000000e+02 0.000000000000000000e+00
5.890000000000000000e+02 1.564000000000000000e+03
5.900000000000000000e+02 5.660000000000000000e+03
5.910000000000000000e+02 5.578000000000000000e+03
5.920000000000000000e+02 1.564000000000000000e+03
5.930000000000000000e+02 8.710000000000000000e+02
5.940000000000000000e+02 0.000000000000000000e+00
5.950000000000000000e+02 4.955000000000000000e+03
5.960000000000000000e+02 2.507000000000000000e+03
5.970000000000000000e+02 0.000000000000000000e+00
5.980000000000000000e+02 3.533000000000000000e+03
5.990000000000000000e+02 1.592000000000000000e+03
6.000000000000000000e+02 3.989000000000000000e+03
6.010000000000000000e+02 4.943000000000000000e+03
6.020000000000000000e+02 1.564000000000000000e+03
6.030000000000000000e+02 1.772000000000000000e+03
6.040000000000000000e+02 0.000000000000000000e+00
6.050000000000000000e+02 1.874000000000000000e+03
6.060000000000000000e+02 1.221000000000000000e+04
6.070000000000000000e+02 1.474000000000000000e+03
6.080000000000000000e+02 0.000000000000000000e+00
6.090000000000000000e+02 1.878800000000000000e+04
6.100000000000000000e+02 0.000000000000000000e+00
6.110000000000000000e+02 1.065600000000000000e+04
6.120000000000000000e+02 2.676000000000000000e+03
6.130000000000000000e+02 8.231000000000000000e+03
6.140000000000000000e+02 0.000000000000000000e+00
6.150000000000000000e+02 0.000000000000000000e+00
6.160000000000000000e+02 7.830000000000000000e+02
6.170000000000000000e+02 5.871000000000000000e+03
6.180000000000000000e+02 1.281000000000000000e+03
6.190000000000000000e+02 0.000000000000000000e+00
6.200000000000000000e+02 4.848000000000000000e+03
6.210000000000000000e+02 0.000000000000000000e+00
6.220000000000000000e+02 6.616000000000000000e+03
6.230000000000000000e+02 0.000000000000000000e+00
6.240000000000000000e+02 4.293000000000000000e+03
6.250000000000000000e+02 9.960000000000000000e+02
6.260000000000000000e+02 0.000000000000000000e+00
6.270000000000000000e+02 5.439000000000000000e+03
6.280000000000000000e+02 0.000000000000000000e+00
6.290000000000000000e+02 7.830000000000000000e+02
6.300000000000000000e+02 1.437300000000000000e+04
6.310000000000000000e+02 1.701000000000000000e+03
6.320000000000000000e+02 7.830000000000000000e+02
6.330000000000000000e+02 1.081000000000000000e+03
6.340000000000000000e+02 2.811000000000000000e+03
6.350000000000000000e+02 1.027900000000000000e+04
6.360000000000000000e+02 2.018000000000000000e+03
6.370000000000000000e+02 0.000000000000000000e+00
6.380000000000000000e+02 3.891000000000000000e+03
6.390000000000000000e+02 0.000000000000000000e+00
6.400000000000000000e+02 3.076000000000000000e+03
6.410000000000000000e+02 1.059000000000000000e+03
6.420000000000000000e+02 2.296000000000000000e+03
6.430000000000000000e+02 5.029000000000000000e+03
6.440000000000000000e+02 1.753100000000000000e+04
6.450000000000000000e+02 1.518000000000000000e+03
6.460000000000000000e+02 7.830000000000000000e+02
6.470000000000000000e+02 5.550000000000000000e+03
6.480000000000000000e+02 0.000000000000000000e+00
6.490000000000000000e+02 0.000000000000000000e+00
6.500000000000000000e+02 1.490000000000000000e+03
6.510000000000000000e+02 6.444000000000000000e+03
6.520000000000000000e+02 7.830000000000000000e+02
6.530000000000000000e+02 2.761000000000000000e+03
6.540000000000000000e+02 3.144000000000000000e+03
6.550000000000000000e+02 3.246000000000000000e+03
6.560000000000000000e+02 1.565000000000000000e+03
6.570000000000000000e+02 3.864000000000000000e+03
6.580000000000000000e+02 7.830000000000000000e+02
6.590000000000000000e+02 0.000000000000000000e+00
6.600000000000000000e+02 7.830000000000000000e+02
6.610000000000000000e+02 4.280000000000000000e+03
6.620000000000000000e+02 3.718000000000000000e+03
6.630000000000000000e+02 1.036000000000000000e+03
6.640000000000000000e+02 5.545000000000000000e+03
6.650000000000000000e+02 1.952000000000000000e+03
6.660000000000000000e+02 7.830000000000000000e+02
6.670000000000000000e+02 9.290000000000000000e+02
6.680000000000000000e+02 4.097000000000000000e+03
6.690000000000000000e+02 2.225000000000000000e+03
6.700000000000000000e+02 0.000000000000000000e+00
6.710000000000000000e+02 0.000000000000000000e+00
6.720000000000000000e+02 0.000000000000000000e+00
6.730000000000000000e+02 5.346000000000000000e+03
6.740000000000000000e+02 0.000000000000000000e+00
6.750000000000000000e+02 7.319000000000000000e+03
6.760000000000000000e+02 1.007400000000000000e+04
6.770000000000000000e+02 0.000000000000000000e+00
6.780000000000000000e+02 5.900000000000000000e+03
6.790000000000000000e+02 7.246000000000000000e+03
6.800000000000000000e+02 5.600000000000000000e+03
6.810000000000000000e+02 1.565000000000000000e+03
6.820000000000000000e+02 8.350000000000000000e+02
6.830000000000000000e+02 0.000000000000000000e+00
6.840000000000000000e+02 7.830000000000000000e+02
6.850000000000000000e+02 0.000000000000000000e+00
6.860000000000000000e+02 0.000000000000000000e+00
6.870000000000000000e+02 1.921800000000000000e+04
6.880000000000000000e+02 4.912000000000000000e+03
6.890000000000000000e+02 0.000000000000000000e+00
6.900000000000000000e+02 1.665000000000000000e+03
6.910000000000000000e+02 6.776000000000000000e+03
6.920000000000000000e+02 3.966000000000000000e+03
6.930000000000000000e+02 6.089000000000000000e+03
6.940000000000000000e+02 9.803000000000000000e+03
6.950000000000000000e+02 1.565000000000000000e+03
6.960000000000000000e+02 1.931000000000000000e+03
6.970000000000000000e+02 0.000000000000000000e+00
6.980000000000000000e+02 5.245000000000000000e+03
6.990000000000000000e+02 7.830000000000000000e+02
7.000000000000000000e+02 0.000000000000000000e+00
7.010000000000000000e+02 7.830000000000000000e+02
7.020000000000000000e+02 0.000000000000000000e+00
7.030000000000000000e+02 5.289000000000000000e+03
7.040000000000000000e+02 2.343000000000000000e+03
7.050000000000000000e+02 3.120000000000000000e+03
7.060000000000000000e+02 7.390000000000000000e+03
7.070000000000000000e+02 8.254000000000000000e+03
7.080000000000000000e+02 2.494000000000000000e+03
7.090000000000000000e+02 1.697000000000000000e+03
7.100000000000000000e+02 8.615000000000000000e+03
7.110000000000000000e+02 0.000000000000000000e+00
7.120000000000000000e+02 4.380000000000000000e+03
7.130000000000000000e+02 1.565000000000000000e+03
7.140000000000000000e+02 0.000000000000000000e+00
7.150000000000000000e+02 2.148000000000000000e+03
7.160000000000000000e+02 0.000000000000000000e+00
7.170000000000000000e+02 2.503000000000000000e+03
7.180000000000000000e+02 2.582000000000000000e+03
7.190000000000000000e+02 1.918000000000000000e+03
7.200000000000000000e+02 1.257000000000000000e+03
7.210000000000000000e+02 3.267000000000000000e+03
7.220000000000000000e+02 0.000000000000000000e+00
7.230000000000000000e+02 3.760000000000000000e+02
7.240000000000000000e+02 1.539000000000000000e+03
7.250000000000000000e+02 0.000000000000000000e+00
7.260000000000000000e+02 2.189000000000000000e+03
7.270000000000000000e+02 7.010000000000000000e+02
7.280000000000000000e+02 7.830000000000000000e+02
7.290000000000000000e+02 1.095000000000000000e+03
7.300000000000000000e+02 0.000000000000000000e+00
7.310000000000000000e+02 1.262600000000000000e+04
7.320000000000000000e+02 0.000000000000000000e+00
7.330000000000000000e+02 0.000000000000000000e+00
7.340000000000000000e+02 9.671000000000000000e+03
7.350000000000000000e+02 0.000000000000000000e+00
7.360000000000000000e+02 0.000000000000000000e+00
7.370000000000000000e+02 5.218000000000000000e+03
7.380000000000000000e+02 1.527000000000000000e+03
7.390000000000000000e+02 3.543000000000000000e+03
7.400000000000000000e+02 0.000000000000000000e+00
7.410000000000000000e+02 8.631000000000000000e+03
7.420000000000000000e+02 2.028000000000000000e+03
7.430000000000000000e+02 1.809000000000000000e+03
7.440000000000000000e+02 2.247000000000000000e+03
7.450000000000000000e+02 8.603000000000000000e+03
7.460000000000000000e+02 0.000000000000000000e+00
7.470000000000000000e+02 3.899000000000000000e+03
7.480000000000000000e+02 1.565000000000000000e+03
7.490000000000000000e+02 0.000000000000000000e+00
7.500000000000000000e+02 1.599000000000000000e+03
7.510000000000000000e+02 2.767000000000000000e+03
7.520000000000000000e+02 1.653000000000000000e+03
7.530000000000000000e+02 7.830000000000000000e+02
7.540000000000000000e+02 4.819000000000000000e+03
7.550000000000000000e+02 0.000000000000000000e+00
7.560000000000000000e+02 1.940000000000000000e+03
7.570000000000000000e+02 2.807000000000000000e+03
7.580000000000000000e+02 7.938000000000000000e+03
7.590000000000000000e+02 7.830000000000000000e+02
7.600000000000000000e+02 0.000000000000000000e+00
7.610000000000000000e+02 0.000000000000000000e+00
7.620000000000000000e+02 3.883000000000000000e+03
7.630000000000000000e+02 0.000000000000000000e+00
7.640000000000000000e+02 4.623000000000000000e+03
7.650000000000000000e+02 9.154000000000000000e+03
7.660000000000000000e+02 7.500000000000000000e+02
7.670000000000000000e+02 2.836000000000000000e+03
7.680000000000000000e+02 7.830000000000000000e+02
7.690000000000000000e+02 5.203000000000000000e+03
7.700000000000000000e+02 1.302100000000000000e+04
7.710000000000000000e+02 2.460000000000000000e+03
7.720000000000000000e+02 3.120000000000000000e+03
7.730000000000000000e+02 6.806000000000000000e+03
7.740000000000000000e+02 7.830000000000000000e+02
7.750000000000000000e+02 0.000000000000000000e+00
7.760000000000000000e+02 1.037000000000000000e+03
7.770000000000000000e+02 7.830000000000000000e+02
7.780000000000000000e+02 8.440000000000000000e+02
7.790000000000000000e+02 1.781000000000000000e+03
7.800000000000000000e+02 9.383000000000000000e+03
7.810000000000000000e+02 7.208000000000000000e+03
7.820000000000000000e+02 2.215000000000000000e+03
7.830000000000000000e+02 0.000000000000000000e+00
7.840000000000000000e+02 1.118000000000000000e+03
