785.0 0.575 0.059817 6.608000
2408.0 62.62 0.581662 47.148000
3198.0 150.26 1.116517 81.728000
3944.0 371.05 1.727261 123.444000
4846.0 786.79 2.717072 185.536000
5500.0 1349.199 3.621744 238.688000
6840.0 1790.595783 5.464846 368.160000
7184.0 2219.106771 6.328063 405.716000
7955.0 3725.853200 7.854989 495.916000
8950.0 4540.460874 10.738554 628.496000
9593.0 7756.083486 12.191693 721.748000
11936.0 14966.497306 19.757775 1112.008000
12808.0 15060.593238 22.222821 1285.076000
15825.0 29888.583954 32.42987 1960.336000
17543.0 44816.887530 42.271359 2407.816000
19981.0 66301.249800 54.20025 3177.271306
